1
5
,8
9,
,
8
527,
,8,49
8,
,7
,,
,9,,
9
,,,9
4
,1,
42
1,
59498,
3
0
995,76
1321
,89
29
89
9,9
,0
2,8
9,,9,
,,5,950,,,
,,,9,
6
88
2,
,,,
99
91
98
728,
96
,8,9,
8,,9
,5,,,
,2
,3
69
,,2
9,,
,82
6,,89
44
52,
,08,,
14,
27
9,,,83,888,
7
0,,
24
,8,3
4,,
,4
0,
7,
6,9785
26,
,9
,,9,,
430,89
,3,
87,,
8,,
96,8
83
,8,,,
2
8084
81
85,
,4,,
,,4
5,,
896,
49
3,1
78,79
8,9,,,9
181
,5
4,
55,119
6,,8
,92
92
18
0,58,,,
980
,,5
889
,,,5
6,,08,
75
,1
399
5,4,
,91,,
,,0,
595
81,,78,
5,
,,,,
9,,,
,,7897
,,9
89923
47,,99
95
,881,9073
9,,98
8,,2
9,9,,
,88
3,
,,8
8,9,
,6
1,,5
,79,
86,9
79,
1,81
89,,
,89,
,,0
02
,,,,0
,,3
7,5
,6,
,579
9,,,8,
8,869
36
,90,,986
81,
64
,999
627
4,,99
28
5,,3
5,8
,986
11
893
,9,
5,8,4
,,1
6,8
382
,,08
89,,,991
82
,,,3,9,
7,,,8
,,62,
,9,9
9,9838,8
,43,
23
,54
,57,8
868,9
596
,,9,
88,
,,5,
9,2
07
,8,,
25
6,,
2,8,
8,8
908,199
84,,
927
379
5,,,,
98,5
,99
,41,,
80
9,85
,,,8,,,
219
38
,,9,8,
7,6
2,9
88,0
6,6
66,,,
,9,59
,3,1
6,
901
8,890
3,9
,,2,8,
9,7
98,9
,84
0,1
99,9
,81
,2,,
789
97
,,1,
98,,
87
1,,
93
,1,929
60
6,52
,66
7,,
9,6
,71
65
08
39
894
4,37
79
,60,
9,18
3,3,
,69,
37,
48
8,33
3,,
,,8,9
59
94,
,8,,9
19
,607
8,9
,9,987,
,,,889,
,7,
958,
345
62,,,0,
,58
,8,
09,
2,,,9
,,39
1,8
,28,,
27,98
8,99
95,
69,
,8,9
,97
,,,,6
,,,,8
,,854
614
,3,,
,4,,,
5,9,
9,98
95,,9
0,9,
,70
71
9,184,
,9,8
,0,
2,8,,2
85,,,,
,80,1
98,1
,95
,,93,
,5,
48,,,
,18
98,
8,5,588,
,,,11,
50,,
989
,861
1508
35
86,,
9,,9
17,
0,,,
,98
2,6
32,,,90
45
,83
,988,
,26,,,,
9598
8,4,
,,9,8
,,92
90
187,
44,
,32,3,,7,1
6,9
88889
,,3,,
0,8,
,,9,6
,2,98
,,,,95,9
,8,9,,
9799
76
9768,,
52
,6,2
18978
99,8
,,,81,
,34
8,1,,886
9,5
,4,
,,,,,
51
31,
8,,9,
,9,1
,,7
33,
41,
94
0961,
3,22,,,
848
6,4
10,19,
8,,8,
89,8
9987
8,7
899
,,8,3,
689
8,0,
57,
,40
9,3
159,99
1,383
918
19,
,6,6,88,8
06
808
298
,,,,,75
,,,8
29,,4
,,9999
969
,908
4488
713
