899485288
958963650
319267345
977138184
838885653
728458848
452694099
688698480
098198982
954989728
020959013
959987483
913489883
984693669
174995692
938792845
288889478
584606870
779803798
589992068
931698858
899879699
108299527
849519940
989991889
189388886
990937181
497983681
828092216
984987998
908195998
073269256
104786834
989588290
619498594
865913114
267583937
289745894
838898488
945859698
609959989
488879943
485889358
854990495
998575988
949897970
038801665
524848989
145825963
398760380
854190978
278998970
889993930
582823989
489953892
399718309
913186128
973488891
990722542
180890799
298383320
073327118
878598949
893906580
645848685
393381929
939938188
125385952
778988412
882976895
998899463
747924287
498869887
109081437
899086779
825181669
884389629
996898382
885909918
786299867
981839910
694549992
998808888
629778299
712181979
089099769
292248928
787458198
848096436
958369997
123011097
695807886
898592998
891999568
934283098
748989729
918733986
180593063
850582974
569021392
885899573
988484026
409828879
868628592
789503842
892913088
947950386
989999031
668009429
005078018
198866887
969979965
878883999
787784203
397318962
636033898
684965697
599823833
898880933
892292889
988988409
502896899
813899189
697493956
882989827
981107848
907385137
899888189
941719831
884967199
404909224
994859918
901909888
983308092
611596868
199062599
101968955
840598764
989892281
898940099
959715978
892288619
899098889
894099055
907219001
729381197
880683782
031912380
894898306
739898079
680382309
988809922
998696695
969188988
299817291
610976034
899842998
089899928
998896249
684880229
153719999
128862381
998384974
055961281
948098979
169888879
829821337
681981977
894638799
168793804
999939958
840881971
658999083
829299300
159858986
926819808
828979588
210077039
885398899
960192994
880902819
816948366
699284943
805648549
780879049
808898888
258981299
591899132
895874598
989748394
883788789
868270688
188580899
870918348
342090489
859638069
860968088
497194087
168858930
739798418
054928591
983392869
979870183
494009858
770839927
840998519
826584924
329996059
984078959
899996398
593993469
888939964
599929088
816829328
873585874
108382886
759399019
930858889
881102592
978438990
014262570
948100529
948962399
788816486
962597988
295999192
967888919
390484895
898959990
009840897
380791828
821292861
884696365
799898338
988988530
647863228
719831281
113283868
980898598
594964350
389192588
161599549
828394883
453992909
890881886
490499238
903869156
530828015
922948899
288999959
081199109
899096493
886428781
680298089
188959925
821903093
912804912
879099162
339918821
058277079
939561051
808388900
861799892
183835901
809999098
498884479
770188885
896843443
835826939
176456873
915200386
059799887
968649894
983998474
789760398
917887983
492294143
978369896
986488539
626599815
196289888
090885980
426929498
087833113
934493199
808880988
481138588
919788198
115446474
906883594
937999845
179989825
991889997
059889968
279897992
220008675
808879951
988628840
182199891
918988690
266193929
579868868
049801773
889565888
493365829
898294570
968888889
188899928
953807298
987381916
845323944
886869590
319988081
589098669
908889082
836090817
396980196
900888431
864877598
860964838
683989488
945905882
498019194
389999635
993802889
286599995
289200579
286092820
148596494
998408901
397878852
881989209
996895358
809945668
198988289
859835919
859635699
828880979
986882309
989393702
388936817
697928726
489164969
919859558
588889898
789992409
689889999
158098792
497189988
880498859
398869598
998890955
098980728
229899097
488879719
832950198
318725998
959819270
989978659
859968728
689418949
549534214
030550899
811672180
001209879
285356082
129970971
839985223
922889629
198498989
378863790
300331359
704899943
098845499
137522175
981960017
065989898
851598954
682832199
963938298
682352691
481398803
955099891
496317614
