09	91 4989	19
093879.82.79
0868885999
02 79742106
08.0898.9498
099251 0122
09	13904595
08779940 83
09 83.2329.99
0973989513
089860
0054
0081899168
089756	0441
04 29	2148 99
0135 84	3978
0133.88 9399
08 998941 92
0485 51	9825
07
96 61.4745
0712 1880.34
08.208184.79
0992	729619
0198207386
06	868948 89
08	07999882
07 56	74 8689
08803490.19
0420 806989
028988 39.49
0811
098680
0879.0890.66
02.78688877
00.9963.13 89
0528873848
0314548582
0988288959
08508470.91
0708234094
039148.4191
02998699.88
0898619389
01
8968 10	20
009290 5832
0958 438009
088148	55 86
09699931 84
09 99 898889
02978698.29
00 85	99	8369
0810.36
83.80
03999829 38
088980.63	91
08 752270.93
0669832237
08 84	153582
0076983958
093601 12 49
0388880988
062207.9467
098829 98.59
08 18199251
0595
088814
0088 22.89 99
03.89.280933
0324992849
08 377476 98
05
085149 78
09 53690918
00306805 89
0988 9988 88
08.8998.94 00
02692899 70
0986.254891
09.189961 99
0349190818
0401.9965	83
09 99.989379
0939 39 8188
095086	1999
08	9918 9999
012688 58
49
09.6881	08.41
0789.89	8848
00	47908961
089735 4033
0978494182
00173390
98
09.8945.7089
09809619 89
0986301999
099968 8929
08.298781	34
09199898	79
0481789085
0884291493
037819.32.69
0292
92 3899
09384734 22
08	83128489
00239989
88
00
24.880909
085946 12.89
09 52709999
083698 8808
0868	89.9297
08.4823 98.88
0107783299
05 84448989
08	9484 9990
0829 05 1709
07.57312684
08 9458	0898
06988290 12
09
21729882
0449244801
06898981	08
0893537829
08747318	33
03.88.488993
08493709 16
08998972.24
034959 3898
048682 8586
08.29 981931
0288301989
089983	73 38
01.91	96.8994
083058 9276
0988 873461
09 8975 8889
0993 068998
0998395898
01
941999	19
0478208272
059999	2321
05819588 94
068932.4869
02184691.65
0684646978
0188965339
06696381.98
0979	509191
000488
94
91
0992 28
9288
01568986.89
0836	988288
00	36069999
09898096 89
0259792784
04 384822.89
0579074259
01.85149479
04199999.98
0899
98.9114
085927.8794
0697998995
0929678989
09 89976074
0508861047
05 98812879
0858230987
058603 22 70
0218159089
0238.9892.58
030089 69 39
0098007541
0059584929
0889888589
05 8998
8929
05.296888	69
02 1988 9825
07891862 78
08.244989	87
0319076863
09	51 952698
099918 50	49
088389	6488
09	0488.5599
08
84	508969
09	89904989
09	91.8987 81
09.18410538
0081093829
053939.8598
08
88958998
0199
097980
0117890583
0797638779
06921609.28
03	9998.19.85
090199.4488
04.8839	86 88
04	84985638
002067	5657
00 96	898848
089819.8905
0982 28	1929
0864597591
06892228	99
04 69.96.8977
025685.8089
0490	987098
08.98 9908.88
0872	994995
0971
224905
0245
58 1853
09.647887.88
09 0780	9013
08899173 89
0719
33 7084
0827948188
028885.9892
0228 890956
00 9241.99 79
05934916	61
0999785089
002984 8582
08.7958 9333
05 86
8888.79
0906.419910
056691	26 18
08938898	49
0998989879
0199	338885
08888949 00
09.11277919
0815890998
0913.689897
0088 383989
01893194.87
07.89988199
086909 7587
0587	99.88 54
09.95	939998
0998289589
09
99 88.8887
0899994834
0818.8459
36
0429 528842
08728187
88
0089.888988
09 69317588
0799.8988.21
08.239997.78
0990 975845
084980 5995
082884.93.68
075489
9822
02799488.89
0239 9964 13
0928683995
093828	0054
0402 1494
98
011968 99 99
01.98968888
09	0138.9189
0820196790
0340.96.49.89
0989 8889.99
083753 9959
09 55061886
0103039876
0628 67 89.53
0887	886925
0848.898507
0389989617
0928578999
09.99.893386
09.1780.0797
05.8992.6229
0989896999
072790 8400
04	995454	89
05	83.78	5683
0990559588
0905	9385.20
092837.3018
035869	3178
02589819
07
075880 79 97
08489369	92
09 68	9826 46
09216499.23
0946.47.3395
03.890988.89
06 88489958
0982 82.8742
077126 88 98
05 8935.7968
04686859.38
01 99	68
94 08
0698
799191
02	89.792469
00.928978 39
0838.587998
0651883998
07331809 91
0388.45
97.88
08	58.809783
085103
9871
0498.131589
08	38 958943
0013.879439
08
9895	72.28
0885.769532
007960.98.78
080900 0805
0878 69.5322
0599.081985
087983 48 13
07 8329.1391
03	81 20 5719
0059 294286
0899932901
0820 989198
01 9760.4750
07	74	925969
01 85 09	4982
089976.3999
08 357288
09
09 98883979
09 08798667
078880 48 60
03.19.23.8110
0910977609
017898	84 98
0916 588381
079095 8998
0991980829
090852
8704
09	88999889
08430904	99
0986680885
0875182259
09 89.98	7899
00
91.89.0872
090882 51.99
09	89 293594
0795	329599
04 89	6492.98
08.84872549
0898 9199	99
0759.69 38.99
0951
08 7139
0338 404829
09	94684890
04.11967994
0986.779990
09	78.9689 99
09
9026	8920
0283988094
094199	64.45
0689952380
0559	88 2198
07.28.0541 53
09	7989	57.73
08.83595881
04
11881569
08.47.4158.78
07588780 17
09 99981928
0182
889978
0958809882
071941 8209
0109217988
012988.82.39
06	67590996
09891686 21
03894899 38
0889981188
08 0335 9379
0018 85 8003
0808.69.69	50
0928858393
05849929 58
0859719882
02	90.089808
0988873069
090367	2985
09989888.89
04.66.829538
0882556948
0838
38.9899
0816
9898
53
