06950
89869
88878
90987
14199
39296
89877
28388
88998
95896
85672
98258
75285
88810
92619
98719
89779
49434
58882
16885
88945
42888
88992
99995
89738
89443
88900
95294
44835
59623
03418
58988
18980
52283
42907
99982
46298
54379
96709
43989
81585
39327
89288
99798
88519
88858
99962
99580
99689
96512
59259
82831
89913
29804
69919
80462
78678
28790
98889
95966
08292
29398
84887
90864
98996
70963
50039
64086
89896
98860
66988
89677
28731
69297
66368
88618
94180
90983
98869
99027
08981
88478
48498
59829
82559
98998
48564
80288
11989
88056
40998
83185
49289
88909
19698
88918
88929
97409
31985
78885
07148
94888
81988
27084
99435
01886
79988
88898
08884
95882
55175
99564
39888
80199
82409
91486
26299
82885
77293
89228
66419
88825
89988
09384
55895
09196
28983
86230
11858
99193
99385
93307
29959
89989
59222
02796
28588
15931
58999
77118
22478
99588
12359
88232
09752
68899
89089
23921
47869
97018
81591
98538
97934
96190
97769
55877
00028
09158
49945
91999
87908
64892
00669
03839
99698
98883
99897
94982
89223
06114
08590
48780
85890
97928
98089
84563
74582
98871
83268
91995
85546
47948
82879
95865
02998
87386
82899
66878
86189
28806
98521
76114
89799
91951
36670
89469
29489
89074
06516
97899
86950
98308
22198
78889
99358
87321
82994
51669
29056
97829
58979
76988
88480
97980
95688
46299
52993
87909
46209
69961
92989
76589
48981
55959
95999
19199
65650
09548
28627
93399
83592
28788
58881
09577
60698
89397
88877
85909
73926
97298
79250
99022
83847
66499
99684
79888
11104
88191
94238
88192
96898
88248
96268
68796
09986
69246
35645
26918
28051
91896
48265
05299
88906
49760
68911
38093
85582
87986
68216
79289
98128
89991
62878
49272
25823
86496
43800
89982
79360
89498
89999
97609
72999
83768
89229
59838
98489
10198
95283
72899
70597
73208
38984
88099
88995
39798
98284
39881
61022
98990
18888
98886
94759
75368
81998
66837
99892
67927
97788
38409
86937
95775
00088
17509
95843
89041
95929
98519
89312
89581
47849
89919
98890
05568
79244
98888
98180
32798
38969
11483
94793
38398
14949
79675
84442
21378
78834
51998
94578
94819
46289
58995
56893
90288
64396
98938
98019
83837
88294
79399
85878
70853
94697
56842
88096
79089
88871
91888
54879
88890
23969
33685
99389
80998
78888
82739
24872
38289
86088
21797
74399
89632
06360
11212
59995
48836
38258
38390
78998
42988
21296
84259
87162
28566
