0818828893
0275887887
0938901347
0836499542
0486254893
0245887819
0239024918
0785897297
0907994831
0720951839
0818808528
0416394191
0285809958
0850988981
0999801819
0899213978
0842880288
0665999114
0279287895
0898835473
0899788813
0999974584
0958949826
0287909982
0479503293
0900709305
0988897549
0984279899
0109855389
0848980983
0899418385
0384478958
0908199898
0131998688
0549959069
0659857922
0809649701
0895895997
0954598090
0998890998
0388980685
0287880898
0989885863
0189856328
0819962886
0133939898
0722065988
0787852297
0811998896
0810808872
0188584988
0989289099
0284696981
0181179989
0807284867
0579988818
0889588021
0396974299
0887089896
0128588598
0808881866
0738290824
0748955585
0787159084
0953194786
0802378969
0995780506
0598950138
0958890781
0198180049
0915998890
0273889986
0888824382
0582884405
0109998922
0878288869
0936997283
0288891938
0979975985
0186962349
0944996592
0938561948
0864578894
0188799369
0699908188
0898964384
0837878995
0922890293
0937840923
0982882911
0265698705
0869987954
0996997981
0118993227
0898959448
0998416968
0919998756
0898834728
0989980499
0409547987
0429989950
0974699808
0538985885
0981852907
0889288468
0875197087
0184988806
0988716139
0698998244
0898598893
0299938912
0391023478
0823946619
0489168989
0399686191
0858885271
0880799385
0837484874
0889449809
0497449152
0399906919
0223588989
0198068789
0248991111
0852958888
0197448999
0988988948
0179818197
0589994599
0888335481
0198852870
0993909346
0194981728
0588948303
0431088699
0418882782
0291787991
0113964383
0389982198
0828390945
0809988892
0815934998
0229893894
0909421788
0848418489
0280907995
0629968388
0998988589
0648999009
0699374309
0299917395
0989882555
0989933298
0192787208
0999559785
0899101883
0698860894
0895164947
0129907861
0197696179
0398456884
0359839673
0694699598
0939808480
0389628829
0692806540
0799549998
0899867889
0981858198
0887619039
0706317788
0688416946
0884861689
0988293998
0648369481
0149028986
0991806959
0745198166
0988186868
0199991895
0895686582
0478615175
0619887690
0197426383
0898988916
0129933909
0122770308
0998846307
0705883981
0999759988
0518287819
0398597983
0898071899
0915950829
0819491829
0858203907
0188999582
0418682795
0729869960
0835988909
0582956086
0689890237
0888389908
0863898883
0749909998
0975847868
0567735099
0880992189
0949226889
0358997303
0983069098
0851941018
0809918999
0848485968
0703899749
0577971345
0129269839
0298889289
0188392560
0193904895
0423789999
0879733199
0806594364
0189966832
0793188708
0944393848
0316154635
0369888189
0930887977
0819489428
0899166862
0981913199
0899969987
0699281151
0860686196
0895858898
0667949884
0298157428
0199082082
0418983121
0817963898
0988894592
0899689188
0886388960
0983418038
0798279947
0890960993
0496999983
0281988645
0687986792
0892981992
0699998998
0989909004
0884218889
0136156179
0485983188
0882098189
0880094588
0886859989
0179694749
0792392589
0384939888
0188094109
0106898809
0659716989
0199897351
0422939478
0290823969
0889989961
0983084299
0495991868
0909960999
0816896627
0519967072
0869889834
0829859589
0773189819
0295567089
0449595868
0719683960
0128610220
0377318858
0865768489
0327820888
0789479488
0183989888
0833298495
0892399681
0697470819
0298999918
0298889156
0999118553
0990149859
0499963369
0947393198
0968589716
0827428889
0862988866
0899384581
0378939992
0245598929
0878218517
0188172857
0327918993
0599635401
0580864889
0692651182
0429988828
0238195036
0998178865
0182183801
0273892899
0434998239
0195565789
0387618782
0207809224
0885286240
0880617687
0988194088
0999888838
0577808290
0181987594
0593980981
0911291998
0881031309
0940189818
0939605289
0382887016
0788929187
0768999328
0675977964
0398882686
0908881198
0609879689
0878132809
0893189841
0594696609
0197388589
0882828215
0590849999
0913938574
0380991257
0182860477
0884069699
0891818992
0899889987
0891883977
0814533799
0385828802
0909399216
0499091781
0879885789
0258488798
0724884057
0396942499
0898895884
0977298978
0989293989
0388438597
0998099352
0643786839
0183170789
0338923132
0861839487
0999904447
0645383976
0590929740
0497854939
0798204799
0429889134
0291928298
0399590992
0902498998
0994871499
0198898988
0889678498
0502894996
0874961382
0881942068
0481997898
0629899459
0598435582
0919299853
0149026393
