+6263899038958
0268020885
069979907
+6237899761
+6285852998
085287988988
089842089
+6246162825
+624893586394
058289986
078984869
+62849689594
080569532
+6298991784
069099955
099957659
+6293445788
099288082813
076699995533
+6238825789
0369986969
+622857878969
082472580
039099980
+629389885394
04889368086
031829919919
+6295798485
089198025
048655999
099510629
+62840589999
099939888
068894559
+6288588479
+62375259851
+6290881229
041946889809
0455848796
+6289810912734
+62506449829
+6297985298
089936890
095936273
+6233919238
+6281192881
0890484389
0984309080
02956184215
+6229866888
+62493986992
+6293188298
0812997899
075877967
+6298881915981
088844809
0599288823
068980488
032228399
08438953818
+6299729020
+628993999528
+62481969296
023398696957
+6278981129
0999838470
+62899858590
+62838397154
+62992987991
+629299319089
0236358836
+62497092895
0927833707
089549980
+6269889118
098885882
+6266889992977
079899287
063897398
+6299859644
+6238929888798
09188558241
03880949858
084996388
+6298881449
+625701799280
026596949836
+6289999684
+6299839944888
089899839
099380998
088809706
073253587
+62938988604
+6289718827
+623575985999
0944668822
080988958
+62595176919
08929882981
098849090998
+62588989879
+62988899689
0881997963
+6229299997898
098863328
+6282925716
+6283109188
059898810899
0680499205
+629325384190
+6229999809949
090908938
029698799
028988899
+629899876939
043949291498
+62231652262
029854289
+6269686806
+6249098288
0299239987
091479439
+6280606993
029899999
054909887
+62583893583
0292499599
+6267993759
+6239960909949
+629809861892
078928839
+629387929788
+6281988516
+62898348352
09858534896
078969881
057791875
021949785
089818248998
+6234888591
+62281898379
+6237992189359
0595938900
079765498
0389680889
+6286486957
+6259424080994
098346815
+62710815988
061889786
+6255825888
+62244900499
+6289238989
0338459864
+6298495881
028793288
+6289989870
099988595888
08993932639
049897169899
06828885319
093898889
+6288998989990
08988020874
02899879884
+623884222522
095488319
069814968
+62862632609
+6243888887
+6289097220807
080585838
069595869799
+62877539358
088588998
+622086808923
0388679385
+62392288823
08885899493
079508786
02147207698
028049808
+625248168668
+6297194957
+62909688791
+623284959831
+62706979959
+628454884801
+6279947909
+6298617138
0888082489
088960088
0688395288
+6299988281
0225998979
04409280936
+6225138891
089888484
029129987
095618904
+62290484292
+62888816013
+62289954888
0765935985
+6231689621
057825059
052786887969
059392589
+6239885854
+62388987406
09999087820
059929988
07199533482
026905638
081998289
+6290317819
+6239169835
+6231510097
032889936
+6299956599
+6264049594
+6296698366
087888984799
+629923655951
+6299288988
083432997389
+6279108980879
+6239478589
+629784513598
+6296845354
06889779392
+6287158888
+6263187870
092978921
+6268296838
033890529513
028198288899
+6295994928
+6225378521
0925498998
+624059268998
090890817
094828120
+628877819888
034888788463
+6248298820
+62649910983
+629989865949
+6289491939
0486320949
02359588983
+6287658595
080855389
090181548
+6225989948
027959808
0629199698
+6293989382
099546719878
+62890329899
+6249813298
+6222994398
+62579889598
089447689
024985829585
+62812889968
089368846
+6238789786
078933849
+6234148994
+6249875896919
083105848
058531935009
039102867
+6234178083798
+6296809499886
+629048087141
+6281435970
0299584921
0493998795
+62800989708
093489344489
+62515884958
039883064
09298898889
+6283541959590
+6299496389
098788588
+624299878935
0216760883
094084145
088097889
+623397481908
+62829990788
+6227899965
093893097
+6298813488
+6229258088
+6275736169
0956184898
+62899888968
098627918
+6273298950823
085966982
+6289886581
0287948248
+6299899095
078998679
+626998199825
+6223390879
+6231790459
+6286949175
0397958852
+6222299097
024599858948
088887189
097820576
+624730099584
088184996
068998558
0953798947
022289792811
0880908778
+6285626729
+6299054914
088999639
088699879605
+6258989967298
+6237590019
+628188828989
+6236989990
+6228757987
+6289588939
0815998989
029650898893
099868899
+6291463798
024248282988
+62298911898
097208982889
09183348904
+6226229037
+62885498898
+62910198413
+623296098180
+62486985389
0888999998
0296828288
06033279809
0298279938
034538192
024696592
+62998827332
+6281808839
0391689939
+6298884803999
+626868599210
+627834893151
+628418857498
+6224922254
+6293991992
072923739
+6289845824608
+629925944998
+62383590888
084489809
09785096896
+6231836848
+62379938938
039389728
+6285553982881
049899394
058829877
0919388708
+6289438288
0898639697
+6285828955
+6245917196
+625584284998
049607766
095224682
048898141809
+62768497988
