858 88
52921
767 58
888 98
79995
86956
778 73
892 28
98885
498 49
10611
76298
888 35
884 88
979 88
39531
899 29
58105
919 94
781 18
35930
31686
42881
18589
93536
24629
85803
53748
782 63
59978
89062
18994
18969
881 38
18230
37988
988 78
19869
89048
68999
698 94
89929
35719
188 22
49948
67000
99778
808 81
98891
98994
882 83
880 49
89417
19198
396 22
838 93
896 02
898 18
149 52
14538
848 98
99206
116 85
29678
849 46
999 69
53388
784 23
991 19
489 00
483 89
77705
72739
98889
28987
93311
98859
32490
889 89
673 68
698 23
98319
89216
26939
81598
296 84
386 95
90827
892 93
864 89
983 99
99485
32664
18480
98695
35896
94019
820 84
89986
898 22
58999
223 98
97891
11888
861 88
88999
998 82
19948
68876
79909
99165
329 98
589 49
74586
96498
844 94
93963
997 99
888 68
68888
89916
399 69
496 99
249 61
15983
917 99
180 84
99859
17926
899 79
283 78
80880
983 98
962 81
606 85
67483
96878
88237
828 95
62296
829 28
139 75
794 90
18528
888 99
98283
876 91
835 88
38599
68988
18985
858 56
996 77
15583
16689
988 69
609 74
38682
995 09
409 68
689 70
84929
78899
86924
709 98
84098
143 19
99908
804 95
81981
89082
78085
97829
858 99
966 98
98888
98881
187 98
838 62
83889
878 99
289 09
987 94
995 28
89867
20995
848 94
777 98
29898
555 18
99937
918 40
766 81
899 07
181 37
319 79
25889
14826
29969
88429
78949
92382
779 96
15992
969 18
314 82
89128
508 85
91448
629 09
989 98
855 88
991 80
32181
88889
718 37
248 64
69899
73093
55689
388 99
98987
769 99
182 84
969 90
230 49
188 58
15840
629 96
599 81
929 93
58810
86898
83639
68486
48888
18223
13849
638 89
131 86
49889
978 98
50399
967 58
189 21
97862
98085
79848
992 89
81868
959 72
808 88
89698
959 58
891 68
92889
89625
99769
89978
28018
18899
188 98
98988
299 06
889 83
268 87
62332
738 89
983 89
18409
94999
139 68
988 20
27319
14103
859 44
88976
978 85
96959
18174
884 86
85802
23072
707 06
90969
98942
287 78
67969
93864
14589
71998
29865
812 59
74439
807 94
289 19
129 08
199 40
97596
96482
124 91
918 95
349 47
23593
889 68
199 38
99918
89989
99999
788 89
88858
988 94
99990
441 83
88988
727 38
23194
89992
314 89
18731
89517
96954
42783
589 95
589 59
24788
935 58
788 98
74498
29938
88198
79343
165 99
882 88
899 12
918 93
999 28
983 54
19880
98498
93818
908 54
898 48
50136
308 69
865 95
919 28
790 38
99898
389 88
186 68
807 19
68503
844 44
106 98
17155
93196
88142
370 31
100 89
98935
194 18
58983
51265
699 99
98639
28580
88901
82233
574 77
999 58
17884
39831
189 98
98892
18591
38918
97311
13639
169 55
822 69
54886
47678
899 87
