8378458683959728
9117983883088896
6689908509412856
8208985116985088
9885999999612980
6769488781190849
4225808561408875
9208708869597144
9381956319085858
9199660618399943
0948898498858148
9509165818917688
3969815095997488
3848898897896903
7272648066959088
4381389297969698
2886121430892919
9899114087908107
8989294889099515
8618193999186138
8225496992997509
8290063942929386
4699083845869961
6385081988886087
8997314995996788
2799995984419998
4888035402561840
8559848885998503
8097894894191288
8909969905768590
8705806592584896
1951851299590068
8089289109984998
8982089189481893
3999979908894679
4489368989813119
5679869368209894
2241857984582151
8979988622298839
7979871808848900
8875958220925497
8999907890536598
3618788603148889
9819887997310818
9819192899189793
5437840883733984
8908900995357849
1981881369881379
9866678699032588
9758739988888599
9488998688784886
9981897855234565
0754690828392939
2894429999335410
8154705921949989
9852706518905370
8508795959929692
1500904788467838
8988549897498482
9952961249288638
9896886748886089
9888265979982395
9895059998694925
6957485311988195
9879511889860916
1989769895519998
1488489095897993
0805478453945649
4089388058499839
8719985803789862
4569837109991956
6182485808719475
8288709462645991
1528298988948888
9878890488394494
8238698576411398
9086689917862710
9690988980895295
4899490988968668
1289322493594654
8398889489870134
8899890177179498
6673872080987189
7998188282869838
1889197185468981
8382508888477280
1978367549087087
7199119936158872
2803342565959758
3296772198910798
0999290489964020
3298029818181369
6895883232389404
8874112875709599
0049198692717898
9294809099182890
2978868798104883
8386888699882795
9899196808938834
7126568814898981
5835587789399412
4139347181969223
0662498886845588
8998030245708479
7297439688379886
9780220999890992
9391987080958997
1841998945156952
9904919958885169
1977898688939648
8980889868928866
3989493958189999
4881558944988967
1099308883881883
9876676946091979
5550829339867288
8497178302969823
8290323893091188
8918976888756797
0889890389950596
9176892889952503
7988982608529293
4187499247753181
7964988587865189
4599299008989019
5350786858089966
8819389401992999
9409489989822388
9794984389826389
8899462923880591
4189998912569397
9479987048781834
9992877294889879
9893887801638918
4688885978888089
8899989588679019
7983949991938149
1487882903096349
4178149982882991
9938951994998778
2094195796648822
0562869826738268
7987183894899812
9988038187989870
9879078968701484
2809592298748899
9898889959989589
3382888900098809
9951250900128241
5288938932899672
7559139359189689
1862766528826698
9992208898916298
9148960283688829
6899888769919691
9138617440629238
9826608549688998
2189988993986947
2044887029864847
5899929480558498
4097913854148960
8691911798088238
9778878695802459
8684699638969743
8533389684599498
8499662838938423
1427050584597989
7895689998318050
2899715478169998
1509802665252899
1908843694888694
9917914828669891
6159288876889986
2302299288999892
9688652489889985
9909998888895127
1819648887627389
8059915009985648
1884628608883997
5799493881076389
9906278988265485
8463958886958769
5639017998890599
8759829208854889
5814932695599849
6285618808188013
8790070288458329
8890939882938748
7990482018988493
9099896978192348
4218968868804087
2239129486995623
6587916259528994
9619429891385858
8638692821798890
0932199118378889
3873186589132390
8998124698440837
7908849863499599
3529882108269987
5189898938549398
9839192909838998
8978998889196879
9397882491359195
9782989714778098
1168389858784828
4448598328828666
7512962610414147
9091819440608369
9931978993839082
7887299168971842
6129858998888688
0859580899879957
6733249827296885
6377337789983324
9508895929981899
9989938801594294
1088888399362281
9591898997812189
4498428889824899
8968989981397318
4767199989894998
8489683978608818
6299398383854583
2848855903085939
8879339674424989
1599210899517997
2888978429949795
9809985823729993
9929718859107463
8080882936229901
8287924809994759
7911183368330688
9881988964899288
8803770898947093
9927828898048233
9533948992889835
3659489550226927
9299219894896288
2876848033543938
9484509411959987
2355983799998886
9388989599848184
0495198389926083
1898614299799309
0977088114828589
9898389186290300
7280988749986989
7638809396988888
8799939710929139
8619598588784956
1829806828408708
8980887838983699
3885945309883589
0297529163984098
0418759488999380
3138792984095311
3235578929888889
8146098769888999
8734995500489979
6208121789989789
9709678852950679
8827080799821229
8216937689609819
0840988880868342
6580979889578988
8198559591018097
8988085958586969
6628396589982295
2189129293191896
9288998918996138
5429284216486729
9999038866732998
8002371939299495
6999369788886828
8888728892229938
8945899959890299
8888198289629338
8789548879035480
6030488784198798
6592756187865992
9995709451216893
4905519712893685
3578339311908968
5199818998395888
4896966894168576
9794989089816892
9989597148599499
6298998993599084
4283378868988854
9859918896468881
0897885784989913
2889579095941859
6560489239749868
3780829959388284
2268887389923109
8465788958488199
1756990999469154
6287858938997799
1541948242140084
0399388876699737
9959990496888883
9808859216953121
9998020299071989
8837589899869988
8454999930809404
2465156891979741
7392318438980898
3984856999481549
8826860911959988
9318125686768979
8165239269498898
8191994976670998
8398296095893899
2162914985058409
5819966000898698
1078893094938809
7849717884826078
5829745951653925
9398841534688819
9929599950086838
7895529539646382
8990296999782992
9398078389959589
8902199898968868
6243182908027198
9522384668098288
7109968098725583
9679998019869897
1909950618908921
8371999616799588
9998628267560998
9028088391984457
9989996368728019
0509189791399590
3891978909394899
6442590999888848
9882588098038979
9805996896382609
2859878489298708
8941825839859899
1833537699885855
6119233865889098
9494893758982578
9918853070084618
8573138488872797
2889580928925988
9947846987970888
0939906884089959
8813891889326194
8195991489649882
3861802988459989
7993399098986893
9826878199477880
9688474288971688
8948749898079895
4797681245877218
3649360990880983
3722390880799987
4320019749614042
9519848684089839
8835891895081488
8896698975893289
8498958809467732
9957879279648715
9898485928944798
5888108031889968
0860961899871986
9337981786640988
9147988539899998
8198646973050520
9808890783128890
4988186846380480
8389830888193498
8873528868212082
8190198847907599
9639999997298018
6989916991501924
8096263788548924
4962989295719174
8896899185644978
4891088608069781
5880979986688016
8671967395698039
