185976899398182
896048189019666
708901880048275
90953109885582995X
985598780090868
309431684969931
81049331904162789X
868091799182029794
535883888941196
86877988318100183x
328303518027842884
309982978596897
898958411939580
999917039099830
53168883899598618x
856884923828258
889797988092879
381887779990831
884598184498908051
988782980898059429
90299735987878082x
840898298084297
589325488829888887
848617439967139
58828551989549378x
278992889294987
278688999876689
98966929586113918x
16018688109878889x
608381189990195
399899718986874588
678887889999216996
179788989989619
383498788998923103
195039245884807997
809329409892734
399428968728888
578889262366818
398389930965994847
285948371929889197
029798664967391169
308393868888998894
819938978903488949
391999989152858
759682965998881
899568880842521978
948889949976067
894899987889995
53839989389890488x
740018896874980
493184892885599999
898548879368847
678799883838088
963888398075656208
998891846968089
383895928423898998
081243397885751
79095369977199889X
980538891796998
988831687108488929
826982068892889793
138842079817308958
87269080359996239x
289595981893599615
989489887988441488
680718256886115
08568389089108794X
588921989941268938
907678868729089
474448394525959
983897381614862185
589992736987098
291138399549488
919828902891827508
269996981118078
072250858909791919
799003161308868783
96840826988867908x
939537201689988
998998891870880996
789282859689498
869896909486289
805478471870850
049982548326368708
993488080288608
19688193684920848x
379281369110297195
911165559699082981
941278879771960
948816888408853098
98981979394896682X
707883913839392
982968816854832
919348992339680
799898988818099
089980728941199
61761388026285940X
009756705388942
39918162861999995x
171899899897889
29886999083373953X
828982998899990593
04485886898890939X
828882366866986
843749681790132
188878893689685505
785511436896939
092908689789098
948498071310895
983800819483269
85659636769791798x
812229399429995
60889189738998809x
287839696890786
088173094984285
898154894618899
758458964569048
897198791999699131
98889899509185193X
38239479712389897x
99851999598986888X
935688718598289988
627898989899656999
08938048984192991X
78019550090999287x
98079845448819701x
414878380883990
948988819149711
982083899438609
408748285998379
73109123349996808X
58049689049848819X
383989901098999
597995288618094960
701899959888988962
77917468662998509X
704418999081519
598993958887691
849981889473929
28819988883096909x
93989898933957795x
888970459929591
65835292899989889x
385687922899888
788605785384099168
799501558777418
818338380949899
979682988619990689
998809039695857
99489848179468660x
84956888996262315X
371468858279809
998899688049900708
997389106818854905
989899984975712961
449889888042898978
906732159747688
258828982688979
21539182988738399x
89909288386819888x
985840879298807
94018495993299483x
288498960884489
521218029899915206
84898099928933462x
948886878996972
850829332638895973
949539897818989888
819832986892108
121983089885897883
599934099928246869
918743494143448295
959936816496589
125869788996969857
802888816888879
880491035690488
189295059319582
189188345652882809
699894806958508949
873430991889511
863999809098488
88863889999005988x
95544839963049331X
09846862923549589x
983017187282998
995999987198491
298910888098897
629498059640878
369689797931350893
994280539849960866
880948546978131
98822889592951648X
029370863909883
908630898899833
02889901988596895X
839968298868063
802379922593842
869195964768832
719885618415987
358796992288925
788971898279869
99899888089890812X
199834929984989219
394899789080888392
13984992558355988x
969889694691590
98398098938984898X
19238872869935899X
067858804085172
24434982270859682X
99978687940139986x
980287588988990
948977949454969
900998887998098
569919440975996
189789889139731
806942945999999
816698133635078
365888890588818
674981920826988
918034685805990
999968396688200
91286180988198289x
676983218888988
827829887683086
80868819200238480x
719685888039287279
930859998867186
297746599639997
408778498857239980
830395189999469
288988980892985
099889386000098995
804599309554589
888908952198291
196791442809149
517510388944628895
988901840078682945
069282457948767
119851798221845
829432167479953
898888594888943
890884383865898919
97916882474985269x
026880516828581
92698486897301068x
71728348768884897X
833303989078435
639280939908289
993989781848292
878296952539886
383855992994989
998899989084198969
288591799619189
798498480898882495
871917996996890
924788815493932
359989989753999
893194892785829029
936662238896947
96954994829872169X
825610889947181848
689299899978297783
880487995699900
898881998737818868
81989989835241979x
958088891730899
207990319935989
928620689795727
89857642845380809x
059896690336999978
976273966426358
991939986257999
147230956578588
360875253861413
071518259889816
709720399997969893
343498609888968
996377882839986
775989804898934
880953681487022088
884295894196833
517958676943872995
087967961989089768
291989540684692
438826386874984086
592283822867329
798855100888819983
28758895208108992x
19897996288129898X
189998800889178
958680747989919048
638556898999899494
829228907089992959
89585699855880808X
80898979999361989X
008168808965278535
262588895887418
24574878888784808x
693898281058888
989180991688709879
81189649958866804X
898889831726969998
924788818125990
788031919231891767
888278694083998
882178080850819237
596888199914753
904919849368164
795888884973338
23986999829908587X
699888823969890928
988899788900934727
598689189998949
456829167979492
885276596889497
784923959788685
870680579594464709
836856868229968
39879881383184998x
989931988985989
15959692391919067x
389489889881058
919892680685873
81989459892272038x
55207897793661060x
998242399828880
82889887393380959X
824484158893258999
999886859813809
37295929881880869x
165279864378880
499686187989930
859457839892893838
984397708005897
13988961899612304X
989479898290931839
49049313589186888X
288841988919195505
478822359071789928
098942883909035390
18198698939439490X
390805848983359389
38539621189098238x
170181832810886692
768198332884838
494487986797988
289338690859469
402642868828959
905878950189884
689485958998388
414399999888831989
79599869529694955x
94908048099817893x
28519703998323949X
784468548540393888
981489489995488989
896188891849096
498892568894958
983999575939848019
14916875836351499X
998990980531286
898879898676997993
98992849903988282x
717306897893098
999905795886938
687889488795169
994248984399989875
418999919320186
863087688349014
99783889788149048x
389888076858988413
09221396990978978x
990489983994889
747689731885168
992983838883489
299978822847919
490980884182399
190181485820985
488409093935280
885940288889699
998898908398969705
852083389437879
044878489963921559
