00
+194
+14910
985928959
+89
468489948
+9187088
824075185
948662129
390466881
+48
+1
+
+8
001
009
308925829
982888995
888879458
008
+9
199910882
004808208
315849336
908020999
889788599
038748189
0080
899845964
088825870
884068999
884368838
093388458
00061
0024
767948069
317616080
198778989
439888993
880947583
809163989
369969095
338131983
+86
186859920
002
+33
876898389
+4402
00849
493988052
299378871
0099
+8999
899381880
169483988
+811
299350191
+7
+96
480978800
069451493
00426
+99
545819885
004
+598
+917
00918828
975925488
844725558
+0
466889255
998927993
0018291968
0090498
+80796
849819995
479298219
388998499
949718879
781985359
+3
999268799
876139586
279587882
+184
280899772
107818080
0089
990149494
130996640
+5
947988898
00088
289493829
499331295
068983943
264675927
00580
0098582
839889227
897938538
+81
033828769
0009
896987289
0090
00674
569896097
361588079
982869776
992868188
165858589
088928191
817981881
+6
+90
000
0094
003896
006
489888558
+88
003
188922091
532974769
593998845
219759912
819060998
949886909
+898982
649028837
+2
889938976
00084
998616989
249179929
220498819
759398693
588819840
928690823
998691798
268091881
208185099
919788598
185809907
879180965
096386950
+872
956930858
199899585
928981990
+957
959688187
898499859
918166289
040850946
+261
+9389
804962888
981753999
891969898
798830481
186291897
+898
370898629
+09
565853979
675879235
799819953
498992869
281830621
161938983
098943781
923687937
989198890
875938388
802859094
008193898
292295882
+985
029689418
888819888
00869
690301538
233532002
089905368
994991096
+37
+28
00389
894514725
+18
018994398
0098649259
+998
388888889
+288599
033315153
984487928
888391086
888885488
827505211
089886918
566091923
847886908
+94
868999792
+208
700899698
+893
008386
+2388
649791998
00898
+49
961082680
598939419
00913
+078
981378997
+8689392
981118918
+39
009089
948888987
002549898
811948291
874689959
493892208
+97
00290
989149819
880883988
712135896
0058903
898525870
282858477
528970878
849909312
929054279
769918918
082786080
+82
+38
+01
915859845
00835650
838399445
0018
999083999
382498490
099908899
+4
880209167
+06
908901910
00958
938933840
809490199
218042298
+4848
827885892
895998487
+6784
0098999
+8811
898296192
826479689
455028821
987568409
498892899
909694992
899991958
802088374
002898880
018474888
998920868
959588609
+308
637381289
368888098
819884989
00903
+99898
+8884
333983888
496983958
+994
106899898
0081
160389998
767845908
605984865
286687918
+10493
0096489
138585861
199681204
791422029
+599
007
889688277
0023
934332888
180826614
884130862
787992755
389390796
0085
870041993
+529
001880
419888873
0031
009829
148418499
+335
948298288
867238992
888829949
00675
+448
823969859
898819998
609918893
599488058
940495489
+079
324703889
986994991
989898999
944905994
367971999
998383888
876989908
198990442
0038
009381
998883981
+9399
00398
308254995
005
+83
783689888
049928292
186892389
974928421
908898889
+9914
959978581
0039
628848948
928880999
597986868
667418998
179395776
848139888
073099880
000804
+899
00875
417197858
868680819
899964938
+31
955939984
982184157
884913894
952919826
445580787
089997988
986991554
00932863
988888379
+8989
585919084
0098
349725218
+34
896894991
0098148
