 983  586
   
28
 
9 
3
 8
99 
   5 8
  
8
9 9
81
98 86 
    
8 
76
0
8  
50
7
9
1
0 9    
87  
 88 
 49
88 9 
 2
0  5    
99
7 8
5 
2
99  
0 8
485 4
 9
5
60
 187
4
 54
  9
2  
 39  
986
0688 
988 94 
839
8 8 
  2
 99181 
937
 87
6 
89
0  2
 60
 9 
 1 
6
1709
 3
7  
 8 4
4 9
4 1
  5
 4
88
 1
 1 8
  8 
   39
1 9
   7 
93
7 76
  8
42
68
   3
9  
88 
  69 9
  86 89
 90
0 
788
  848
 6 
96
3 8
 9515  5 
898
5 0 19
9 89 
 9  8
6  
0  41558
 922
3890   7
7 
8 9
96 
4 
17
 448
 6
0 89
503
 8 
 94 
 0
58
39
 80
94
34 8
   38
87
09
  5 
 969
2  9 
  7 8 
9  7 1
    98
41
69
98876  
3  
1 
9 89
 95
2 
 849 
   9 
0  
98
   84
7 0
82
  1
8 2
90
 5
 281 
  6
 68 
 7
 85
3 
    9   
86
069
 4  
8249
     
57
5  
8 88
998
18
87 
18 
69  
59
92
4  0
79
9 5
 51 0
26
  7
97
89 3
93 
75
538609
299
  09 89
83  
38  
73 
74
 39 
56
  84
 8 9
 98
 7 
9296 8 
20
2   0
  9 8
 2 
1 0
 84  
8  09
9   9
7 492
9989
   81
 1  
159
949
 77
991
 4 
29
84
9 8 
6 3
89  
363
 99
889 
90 9
03
  72
68 3
2 5  
838
90   4
  73 2
9 09
06
85
   8
 22
809 
 86 
 8 2 
479
 0  8 
9  0 8
69 
 72 6
 990
 935
2   7
882
  0  
295
98 
969  
19
 9 1 
  9 
9 6
37 88 
884
 9220 
8  8
 98 98
3 1
1      
75 9
9 6 
  8999 0
08 
91   
53
 8  
0 59
  89
6 0
80
83
 9 7
598
97 
2  86  
  4
281 3
856
89   
49
7  8
58 
 78  
4 8
  09
686 2
77
92 
  619
94 
 95 
8 9 3
8  2
7880 4
45
9  7 
21
1 83
 75
  3 
308
5   
 993 
52
89 
97 48 4
78
  82
88  8 
477
 5   
3  9  8
7 8 5
89989 
5 9 6
92 7
 7   
6   
  0
88   9
8 5
95  1
 68
  6 
9  3 
 9  
48
  32
688  
1  
9    
02
  4  8
0 5 
96  
 84 
8 1
63
9488  
86 
8 1 
9 8
97 4
969
 696 0
 6 94
84 
 4  9
  99 
   76 
95
   8 
 3 8
 88
443 
2 99 
 8  9 
8 2 9
  63 
  9 9 
 950
313
900
1 98
 49  
27
  9  
13 89
  91
4  8 5
   9
 8 37
 15
6 89
93 65
  3
99 9
    9
596
46
 64
079 
85 5
   73
