-0E+0
92E+8298
-9.e+883
-6120.5e+98
+9.9E+1
-2e-8212
-790e+888
8E+839
4E+1
06E-1586
-97.808e-4
-8.E+8
+8E+4
99.e+0898
3.791971e-398608
7.e-8317
+586E+588
989680e-5
-549e+9
2e-6
-9e-64180
8.e+7
+3e+09
8e-99
-9.e+81
+68.e+9
+6.83099E+08
+6.3e-0
-16.7e+0
+48E-699938
89E-1
989.04399e+65
-58.E-740282697
-1.0E+8
-79E+5
9E-5
96e+03
6.E+880890
9.e+7
9.E-9
+8.e+83
1496864.91E-79
918e-4
8.9e-9
+9E-94
+998.6e+28
9E+44
-9E+832
-2.997E+948
159E-6198
268824E+85
+9.e-88486
-559379e-5
+88E-949787
-53.3E+5
+3.4e-3
8.895E-908
+5e-9
-9.822E-99
8e+98
095.7e+3
-19E-1
-78.E+968
8.e-08
4e+99
+7e-4
+48.e-8
68.E-0
-9989E+1
7.E+1932996
+9e-08176267
-151889.9E-920
7.e+96489
0E+8
-2e-9
-6e+6
+9.e+8
+968e+9
9.84e+9
3e+29889
0.e-3
78.E+4
4.0E+1
-74803256.E-1
72.88e+51041
898.0E-8
+93E+9436839
6E+7
8.E+92
164.2E+7
901e-581993
73E-9
80916.e+580
8e-58
-5E-98395
+081E+997
4.e-39
2.788E+9
+9e+8
+048.e+98854988
936.6e-547
-58E+9
3.83e-09638
-8E+76
-4E+8
8.E+93
+83.E-1999
7.502e-8
-8e-9
-8998e-68975
9e+8069
8.E+8
8e-8
-90988.e-21399
821E-38
9.32E+2
+9.E+8098
+4e+8
+5E+858
+6E+086695
0.77E+2
-0e-9
89.3e+78091
89.e-9389866688
8E-929
-8E+6
+8.9e-5459
8.4E-1
28993.E+1
89E+4
+434E+1
8277.e+9
+8.88E+53
-8E+9
9e-79
+14e-23
-09.4e+9
4.e-8
19.29868189E-30
-63.e+89
8e-9
9882.15E+9
9E+89
9e-99799
7E-3583
-65.7e-989
+0.e+9
80.9E-514
+9.968e-99
6983E+2
0e-7
-8.8E-44
8659723E-987
8.89e+9
0e+3958
3.23e+3
3388.18E+87
+8.E-8
-87e+5
2e-0
39e+9
19E-71
4.e-0
-94e+89
-7593916.4E-875
7E-9868
-3.091e-3
8.e+86
-84.0e+9
2e+886
868.E+77
858.08E+89
88.e-4
+000E-78
9.499e+2
9.e+2
-85.453e+8
6E-69
-90.9e-147
-99e+84
-6e-80
+1e-9
9.5e-1
3.7E-027
985.E-2
-2e+76
-8397.4E+8
+3.88E-9
+8E+13
+188.e-5
+3E-59
+25e+6
+285.E+92
+0.99e-88298
-6E-3
759.8E+99
9.E+6
08e+89
2E+6
30.5e+9
+88e-816
786.E+18
-1.9e-9
98E-2
4898e-8
9.3e+48
-6.24e+7
-5e+9
+4e+699
7e+927
88.E+2
+20.88e+25
18E+3
-3.e+9
5.197E+8
+81.966E+88
-8.0E-93
+989E-1
7e-4
28.8E+7
-8.E-299
+896.e-839988
-39e-7
-15.e-880
-8.8E-9
+1519.96880e-89835
98e-79
+8.7E-1
99e-9
5e+2
+5.e-19
249.1e+5
-61.E-8
-6E+1
-8E-6
8.E+8889998
9.e-3
5e-8
-322001098808e-6
-3e+09
40.999922e+9
9.387E+9
8E-9
5.e+9
8E-8
0e-2
3E-09
-817.5E+3
+68.E-9
-87e+9
+9.E-5
4.E-9
7.4e-78
+2e-1598
9.e-9
0.E+4889
-59.1e+5
+1.e+29
+8E+9
9.58e+8
69.4E+04
-9.0e+6298
-9958E+4
8e-1
62848898.E-3
9.E-37
-00.e-87
+88e+7
4E+5
7.e+14
+6e-91
-5E-80
-891E-759
+0.E-8164
+0.86E-9
88789.7e-92
438898.e-9885
-65e-445849
+8.E+8
+92.e-6958
-4.E-5
5e-93
34.45e+57
18E-63
9.808E-689
059.9e-89950
9e-2
9e+49
961.e-91
-8E-313
-8579.6E+85
281e-380
8E-950
-1E-8
+88e-2
+453.6e+4
399.e-87
8.e-89
42e+9148
89e+89
+3619E+41
+688.E-5
+941.e+91
-8.04e+5
-95e+77
5.e+999
9.e+7969739
+2e-8
+13116E+4
933E+6989627
2992e+917
6.988e+982
+8.9E+483
4.e+98
+44.e+289
9e-9
9E-9
+31.63e+8
+5.7E+8864
8e-2
-9e+4
7577.e+9
+2688e-6
398759999743.e-88
6e-995
+29.e-0364
-9e-5
-4.E+81
94749969.e+93
886.9E-7340
-09994.e-88
-8e-889
814e+28
-8E+948
-8E-0991
619.935e-14
482.9E-8
8e+349
+8.e-9
+995e-17
-969E-9949
14595E-49
2.E-10
-8.8E-0
+88.5e-89
9.e+3
8.94E-9
-48.2E+95
+870e-6
-5.628271E-99
+47.e-8
868.e+9
275.8e-8
-0.8E-6
418999.9e+172
+881E+93
987e+8
-18.E+9
8e-08
81.e+9
+8.6e-718
-3E-0
-2069815E+8
3.5e-59
+8.98e-3
+684.99E+34997
98.829E-5
-7e-6
9919.80E-536
-839e-4
-9E+8
+8e+88
+94995E+885
3e+9
-5E+7
89.9e+5
9.e-6
-7E+894
-9881E-834
92E-94
-368.E-5
-5.9e+9
9E+00
+8.e+5
