9.9
2,88,9,.88859
-8.
9,.8
98.99
-0.90
-98,.83
-7.1
9,9.
9.3
99.99886
-6,.
+3,,7,,.
+0,.0
-9.4
8.
+5.8
489.
-91.
0,.7
2.
+9.
+7.
4.
8,,.4
-3,.68
9,,9.985
9.56
9.48
-1,.87
-9,,.
-89.5518
-5.
3.6
8000.
+8.
9,.895
+8.99
1.968
-9.
+8,.08
+5.68
0.
-9.88865
1.63
-54.89
6,.
+69.
+95,978,,2,5.
-99,.8
-1.4
9.1
+8,,,.8
+9,,.
+8,,.
4.96
+7,.
-9,.98
+8,.8
-9,.9
9.4498
688.
-0.
8.8459148
4.8
7,,.
-4.2
8,,3.9
98,8.8
-3.
+1.
29.
2,.
-6,.6
+4.0
-7,.8
9.480
6.
8,.
-1.
6.8
1,.1
8.88
-6.1
+8,.9
8.80
+7,.89
09,.49
6.97
-98.1
99.
+9.8
-1.88
-7.9159
+8,,.994
-25,9.9
60.910
+8.2
-6.
-8.7
+850,8.
339.5
+4.
+3.261
+8.398663
84,9.
8,.5
-6.9
84.9
9.
-4,.
93.18
-7.98
3.66654568
-8,.16
48,,.
86.4
-9,,1.
0,,.55
-8,.8
5.1179486735983
6,,.
+2998,959,,.8
7,4.
798,.
+41.
-8.1
5,.
8,8,,.
-2,.
+3,,6.9
5.96
5.
+68.9
-9,.
589.9959
+9,.
+8,.
1.
0.80
9,.
1,,.9
+968,.38
-31,0.999488
6.63
-935.08
-8.80
8,9928.
+48.9
+2.
0.49089
+8,,2,,8865,,.
-70.3868
-98.
-1.852
6.682
-8,.
6,,.66
-7.8
9,.0096
8.98
-8,9.9
1,.
-7,1,.3
-4.
-1,,,.
+6,.
-3.2385
-6,9.0
+8.8
7.
-8,9.
8235.48
98.9
-0.733
-688.
3.5
6,.3
-928.
+98,.8
9.51
+4.9
990.85
2,.28
-8,.38
-18,9.
-68,8,,,9.
6,.5
-1.989
-7.90
7.8158
+9.7
2,7,8.
3.8
-51,,.
-2.
4.9
+9.49
8,.92
-0.88
+0.
6,.98
44,,.8
+8.9
-1,,194.875
7.5
82.
+88.
-67.
90.98
-3,2.
+1.61
9.80
-3,.
05.89
8.2448884
7,.
9,.84
9986,.
-9.67
-9.8
-9,8.882
-8.9
+8.85900
2,,.9
8,,1,,.
+9,4.
-9,.85508
87,9.3
33,,,,,.889
-1,,9.6
-399.
+6.
8.97
1884,.4
97.
-37.
14,,,,.
61,,.
8.9
-4.7
+28.
92.
8,.9
+9132.98
8,50.79
+6.9
0,.8
0,4.
+8,.99
-9.390
93,.8979
5.9
-9.98
8.419268
+89.
67.
-6,,.0
0.8
58,.
+1,,.88
+15.
4,.
04,2,.
7,.13
-858.8
4,08.
+88.8
3.89
98.4
-90.
-2.8
+12,.
+8,,.8898
7.98
894,80.899
-4.4
+1,8.83
-9.9
-2,8,.
83.9
-3,19.
4.6
-80,.
14,8.8
9,.9
3,,9,.
-9.39
2.89
+8.9878
-69.8
+79.
-9,84.
94,.
-8,,,27.
+88.483
-2,,,3.
+9.997
+5.
8.28
89,9.5879882898
-3.2
+6.989
55,,9.9909
0,99,,.
5,.9
988,,9.8
+5.601
+8.80
+0,8.
-2.9669
+6,2.3
98,.595
8.3868098
4,8,9.
9.91
+9.4
9,.89
02,,.
27.8
+3,,8.
+9,88.
9.34
9.2
-83.81
7.029
-5,.59
72.
-587.
+0.8
8,8,.
98,,7.9
6.49
2.8091
+338.
+8.49
88.
7,.6
+89,,.
3.
-8,0.
8.3
8.1
56.
78,,.
-0.9
5.059
8.29
+48.3
+4,8.
8,,,.54
+7.47
+7,.29
+58.999239
9.8
-92,.3
95,.
1.1
-88.92
-97,.8
83.89
0,5,.576
83.914
8.8
819.08
+99.14
-98.8
+8,.15
+5.7
1.4
-1.8
8.491
-1,.30
+5,.89
7.18
-7.7
85.770
+98,3.
+2.8
88.9
0,.
85341.4
+3,,.9152
9,,.182
