-9
0
+0
-2
+92
+88
-0
5
-891,
+921
7,
-4044,,
9,,
2
18
6,
-999
+4,,
6
+82
+7,,
98,
+94
8
+8
96
24,,
8,
-4
3
79
-997,
+619
9
902
5,
2,
-7
-81,
-41
1
98
9,,,5,,,,,
993
4
+8,0
-89,
-6
+8,
-8409,
+5,0,6,,,
3,
78
+1,
8489
89
-19
13,,
+1
+874,,,3,
8,0
92
-60
9,
-8,
+19,,
-92
63
+99
+8,3
+37
95
+2
-9,,
3,,,
+3
8,9
+4
-6,,
9,,6
+9
-990,,
+63
-1,
+6
-8
-7,
+53
8,0,
+9,
-698,5,
+71
19
-81
98,,,9
1,,0
46,
-7,9,6,
99
1,
-5
+98,8
14,
+1,99,
196
7
-149,
-9,9
+96
91
8,,,2
+4,,3
-1
4,,,
5,,
97
-28
-5,
+5
-59
88
185,,,,8,
+4,
+3,
+59,
8,2,39
8,,
+85
-9,,07
-3
+209
+73
9,3
391,8,6
-98
-7,,8,,
-98,4
-86
4,8
19,9,
+86
87
61
+95
190
-996,,,
79,
+89,
-5,,5
75
8,8
+6,
+24,
-99
99,
+81918
588,
+1,,
+8,,
+89
+59
+98
-16
589
+89,4
19,2
89,5
9,07,6
+47
889,,
19,
-29
-17
48,
-15,
740
9,8
74
8,,7,
4,,
183
+49,,,
99,88
90
8,6
-2,,
-54
2,,
137,
+78,
-14
49,
-2,,,
66
-88,2
6,4,
+81
-9,9,,34,8,
1,88,,
28
-1,,
82,
358
1,,
-848
-4,,
-75
+2,780
9,9
59
-9,98
-82,
9,1,
95,
3808
84
+3,8,
8,,5,
4,
288
-4,
+7,
+9,,,
+6,9
+287,,
+8678
-8,,,,,
87,
-9,
29,
94
10,
-190,,
+1,0
71
-3,9903,,
+16
23
+858,,0,
194,,3
-89
-72,,6
-2,
-69
+9,7
-1,9
209
+975
-94,,
68
-68
698
9,0,
38
+9,,0
27
80
785
-48
-59,
808
+83,,,,
65
-35,
+49
91519,
+9,,
+9,9
8,88
89,
67,10
22
-58
+7
89,,
9996
+41
+5,
+19,
-3,
-683,,
+2,,,2,
5,2
190,
4,,7
+68,3
9,,7
8,90,
9,,0
+18
-4,,2
+18,,983,1
35
89,,,
+184
89,,9,
25
+309,,,
7,,38
49
7,8,
+46
+93
-288,
35,
+69
+15
+57,
+869
9999,,8
17,
+68
+17
+74499
-95
7,,
882
58
1949,,0,
+999
+5,1
-3,1
-9,4
37,
+169
+78,,
-941
3,,
2,99,,
999,9
-8,,3
+8,,0
-78,1
-78
9,2
-88,
+80,8,,58
-6,29
+87
-1,48
9,8,,
9,8,
-5,1
-7,1
8,04
21
-98,
+8,9,,
-2,98
+20
+88,
+39
13
20
+7,8
798
-8,9
147,2
6,,6
87,3
1,8
-98,,,
78,
+7,9,
8827,
309
7,8
+40
12
+8,,9
65,
-39
9,1
-9,,9
4,9
+98,9
+186
+2,
7,9,
45
-21
-7488
-88
40,
