-4
+8
6
-89
9
+94
+756
+89
-0
8
1
-63260689
+68988
4
0089
+582
+76
-93
26
90
88
-12481888689
+3
-2
+98
-971
+33
-973694
888
+35
-8997
+898
-9
+09
0
-986
798
-56
89
-82
2
79566
7991
-88
28
80
85
+46988
477958
028
-99
+9
978
+612
+5
8999853
+65
-4809896
+0
+84
+52
91
-858
5
12
995
-59927
21
987502992
969
-86
71
-35
98
08
+7
+39
-6
-7
+099
-1
+86
495
26646884
33
-0858
+890169
898
7
+8560
+699899399
646828
99
+959
-899
+69
+78
+082
-58
3
96
+8982
889
9884
97
19
894099963
-8
-892
+6
38
-805
-65
-9287
+4688469
-6688
-22
-81
-8998
295
-97
-98
48997
-680688
3723
+19
+29
94
59
+825
089
7931
-5
-8981
88932
+25
78
+58
69
91981
+75
-995
65
-60
8079
-949
6798
+92
88809
999
984898
-34
+8889
+769
+37685
+99
+781
+4
401
-03
+656
989
949
+2
05
14
+08988
+83285
-95
829
-51
+38
+999
785
+68
+998
-935
-4791
18990
84
99398959
+83607
79
-809
2461
-3128
+880
+8999
739
8087
+1
+48
6188787
19990
+30
25
85799
+63
-7904
75
171
-891
24383
-788
983996
-83
9148
+982
03
-895
-96
-938283
+9081
+49
-20
84190
478
+10
-92
-8945
+0999
885
869
3259
+95
33999
799788
-601
-8008
899
4789
-996
8215
58
-189
-1930682
9336
354
+83
+800
188
-74
95
-536
93
+098882
+97
-929
621
-99894
70
-389
-91
992
23870
892079
56
9878
48
977
548
+00
-887
-382
4928
61
-988585
+438
931
4598
-68
-78
-77
96988
218
72
8299
-80
-28989
+9908772998419
-94
+8497190
+8829
+31
44898840218
695
-4685
9842
-24926
+8908
+53
-99091
5897
123
-4748
+904
-7895
488
164
-9110
+429
107
08599
-38
3988
+493979998
-439
82
-889185
+799
390
-9911
902
-98692
+97098
849
-90
76
2818
884
+79
6298
09
89484988
5310
+804
-7583
+91
+708
-234
17
895
-99921
-877
-898
997
520
+4396
20886
64
+88
-24
8781
-79
980
80893
9959
+28
843
-8085
81
+62
+199858
+068
968
+05812
3980
-25
158
1824
39
9693886886882
-11
+4880
27
+153
+8686
-80929
-3
-29
+90
+9436
+9848
988
8587
24
-50
+8499
42
-999
+329
-2998
+938
987
