0
65514
32813
65508
64989
58288
9
62488
65498
60481
64868
65535
65328
65128
65506
65531
65460
65507
65188
65534
38846
49995
18155
1
65520
59978
62398
65519
8799
3
34195
48923
65525
65518
65381
5
58599
65298
65532
58598
58959
396
49899
65533
65528
65499
65529
11399
80
44945
65524
65522
65456
59488
65489
64825
64509
64058
48698
64468
60290
93
65187
61999
58645
65442
7711
64085
65527
68
65526
65255
4
64559
18499
64889
64542
25
64465
64968
919
65251
65521
60991
62989
58844
65511
62889
11599
65089
9258
61499
65199
2
64338
19819
788
64892
60989
12
31984
65501
53980
111
65082
963
65449
7
51980
65093
61398
54599
65281
61884
65091
64660
65340
64498
62588
8
61907
48086
20885
48296
65384
14998
17926
54973
65389
41889
56780
999
45899
62851
10089
65398
23895
98
62783
19477
65502
29438
12484
65479
65500
18291
2984
65480
64888
64688
65509
65513
53899
830
65515
65421
61990
28696
62997
19698
50858
63199
65055
64496
178
22905
64996
60819
64227
12585
64207
65009
65299
65230
65457
65189
49938
65149
10828
18969
99
13883
65411
27819
20884
63599
389
58086
892
366
59835
65402
65273
38975
64008
30988
62968
65415
49
53047
64809
15192
64987
65148
32296
65459
220
64784
65530
65248
63905
60
48638
61848
38188
49328
64949
60839
53573
18735
65136
61285
65458
81
1186
60652
64589
61892
48787
28851
64089
64788
65455
63958
48309
61149
60867
39998
61989
65485
65488
64848
57
89
61878
6788
19989
65288
15389
29088
79
65467
49828
64088
62998
62806
34039
64897
65217
30973
65008
47148
61991
65209
64986
64138
46869
61893
65395
60679
26941
23988
64999
65369
11198
64079
65495
65180
64408
64111
64879
64882
65242
62389
26286
65441
65516
65523
24637
29863
112
65436
60378
64099
61996
60894
60509
40
45089
22690
65087
65431
65321
50308
44973
65038
299
65329
65486
65512
189
18905
64818
58890
65446
59712
21338
14996
6
19729
58829
59791
14
65403
45
18956
65181
35795
30059
65170
65348
65113
60999
46
9199
65284
91
63299
61998
65429
950
19569
61288
60899
46988
62494
59895
38943
17382
64908
42799
49000
53981
90
9740
889
599
65492
16557
18997
92
43697
982
60168
479
65419
39037
65259
7698
50268
498
62890
29979
53882
65437
64983
918
32688
64109
988
17899
19183
65510
2835
