0
8
294
9
1
94
638
189
97
884
899468
8466922
80295
689
938
68
4
49559
44
594
96
35
5
984
198
3
90
57
6
8599
3921
59
98
2
14
88
498
337
29
22
838
81398878
93
8989
76594
1519
19
95498
52
56
82
3257
80
9626
48
89
199
74
91
84
998
7
796
359
16
833
783
8267
899026
78
15
51
309
21
848
92
38
73
8938
10
493
38589
63
60
53
12
5884
70
87
27
4399
602
85
1015
95
1568
868
2994
7586752
9778589
32
77
3362
79
49
4988
823
13991
99
17
81679
911631
319
9739
879
9988839929
8894
64
894
254
58
2088
593
8009
999
2898
89867
2831
175
18
965
8573
6876965
159
8039839
1558
9947
935
896
149
1398
69
581
8298989
1219
825
34
588891593159
851
808
551
86
61
999913
9598
865795
9796
393
931
78888
898
249
1852
986
188
2808
83
899
6135
83898327
727199
380
3887
818
590
6677
591
11
811
99998
473778
8857
778
943
1893
19229
8998
498883
19189
8983
46381689
163
1910
39
892
299
993
81
478
389
186
9188
858
941988
66
9089393
831029
54
1582826
849
72697
18609
75
9098
891
9834
584
55
8093
806
2841
358
6230
8598
9020
791
296
869
196798
94292
739
3389
5899
5069
5468
72
5349939
247
8909586
151
46
981318
985
98469
8999
207
9609
698
145
76
895
8618
802
7398889
837808598
867900
92748
439
6298
209
396
799
3088189
8691
706
9555975578506
888
910
179
378
989159
685
37
62
990
987
2578
508
19988
944
889
691
106
942
7610
7899
108808863
6999
939378
78987
981
38289578
8997990
9211
738
9818
918
88984
788
288
6584
9788
968
429
824
779882
58557
23
398819
50
170
42
983
8640928
182
78449896
99698
8928
190588
9388
183
45
8898
1997
589
675
47
6119
978
9993
98723
89410
994
33
744
5892
988
482
881
6559
880
219488
191
9959882
9627
419
2830
435
522
8899
38383198
895404
681
9416
8498
23988
67
86584
3892
1888
5824
8948
108
28
79384908
29988
889818
853
9682
9874298
88875
8914
8790888
95549
8107
289
592
4298
1813688
130
308
76929
5087899
893
