228
996
488
799
461
728
961
828
685
948
881
904
899
282
389
943
802
889
089
309
962
939
688
284
848
958
132
123
281
098
736
808
196
858
541
989
897
458
119
698
372
189
885
190
999
450
591
179
008
699
399
508
148
911
353
469
959
846
252
788
292
589
706
046
448
886
818
912
930
929
985
644
880
659
642
697
529
925
588
519
716
248
852
026
197
888
758
898
299
388
614
861
892
386
992
919
572
865
926
893
814
991
268
928
019
518
278
096
088
092
983
679
689
815
087
695
923
312
474
331
639
902
988
394
678
908
937
949
976
803
844
054
142
998
149
785
864
896
944
099
188
489
528
599
294
906
932
997
860
595
454
403
981
296
195
984
934
401
127
059
809
853
558
409
302
396
660
382
484
392
960
080
883
811
534
052
969
661
938
891
849
741
862
742
298
360
798
884
963
283
872
827
105
339
337
598
838
709
653
288
407
381
977
669
761
028
754
986
907
291
681
871
829
049
971
159
801
487
789
772
180
081
492
895
941
945
980
178
869
910
743
643
905
729
286
040
584
835
515
748
842
968
068
579
994
067
725
686
687
668
201
290
219
878
453
604
901
873
839
931
218
048
090
287
535
232
038
746
821
285
468
993
629
618
497
242
181
879
935
062
297
841
859
139
820
082
387
863
990
786
824
953
587
783
169
238
916
398
890
778
810
429
362
608
035
845
289
410
378
390
623
482
978
072
694
440
075
208
239
549
496
077
593
826
153
769
671
875
066
260
982
483
319
894
780
843
658
568
882
920
680
594
915
715
690
850
921
583
329
774
586
277
479
544
124
428
763
002
773
582
648
097
631
079
979
071
395
903
186
597
684
922
274
322
131
964
909
836
619
867
512
069
130
185
