9999925189
7287877843
6277789992
9959893894
9988908248
5989762948
9760089587
4888293585
9337931891
9695094998
5897890398
9284897904
4995996996
6999972198
8912290987
8438959054
4478991598
6998800783
2998288898
9809331491
9951408519
0980383890
9187968929
8543952509
8998578799
9974586999
3958828949
8969884478
9986809883
3384094432
8999838589
9183883748
3989817388
0880488406
0969856988
3859168011
9553680898
7799484998
4390904819
9898388889
8539876881
4613886608
5978379901
8670725814
8288828869
1998274978
8058489340
9631981998
7570725879
3800018983
7692197598
9906998346
8399005181
8773159934
0989999981
9489299157
4680987901
5921929899
4982999592
7919293580
8984099199
1845631888
8503001189
5420871914
4137099609
9097497199
3686988899
6115880889
6999699839
9098278828
6488739458
8890257999
3888398338
8863419688
9282153488
6198355088
9295662912
4778957788
3376118899
8698989195
8598980218
6659066494
0898328491
9192387975
9358898870
6148358999
0880551706
8720994898
3989895668
0225998042
9588582998
2192899884
8308273388
9586819184
9928089883
9851886468
1198949487
2790308449
9807099339
3282892458
6720908896
0891086799
5987889986
7478189782
7948800895
8035364831
2660164977
8307259538
9864899984
3588980025
9998311818
8949238995
9604278503
0998889991
2419039868
6689183786
5432898973
6498068988
8790195889
6968999981
9804080939
8999574880
6698728768
7889996480
9983492799
5481829388
5908993028
7856926990
2384928688
4088028219
8869131538
8190692758
4438189988
9499769859
9998682270
0885945996
3455182864
8888983133
3139961795
8918899289
6590769288
5279788389
8964589574
8488597888
9099282789
8978186045
5488798969
9315974993
8087859988
3859982947
8768184989
8199884997
2829891889
8685491889
4391056019
0348926999
8009570859
9785886909
9656099790
2496598879
6882190959
9991878083
1238098516
2798387809
9395999498
8887978383
5739388991
8794077188
5068099875
9925414487
1738808638
9627939575
8950883897
9833897427
8884855893
8720858887
3193165297
9589884852
1949345899
7048915881
9996893989
8984888889
2582419978
9989697783
8929480628
8988282998
9999679888
7965828998
6924875998
8267297578
9999347788
7999917998
8898493098
9088313488
7890848994
4502185881
5779684935
0848888182
8597179809
9081883455
7992939933
8989699840
5890839702
9708351786
9298589730
9998682829
0483197794
8889893518
8888589228
8586989972
9274939993
5896229811
2995940887
6881998978
3968886493
9779725509
6895599978
8849985120
0949989599
9966839888
8989368686
2614836988
5889593855
0947683034
7988994895
2489960368
6868483480
6805188898
9894868792
8940930776
3890282136
3879298489
9840658798
9970367852
8899690327
4931895230
9128594988
3886988528
0139205599
9429930748
7937314998
7080939592
4589469983
6858493669
9595899896
8891898729
3918359058
9876435086
6570949895
6099394634
1536989308
0992983991
9594286894
9691325987
9993885433
8282943918
2534807986
6989998783
5131668963
8869628898
8932828699
0468103329
8744828904
0049489959
8919527086
1109159963
9953988281
1897895282
2099194824
9105880589
9599288972
1799660869
8895889763
2434192755
8873899988
2998992380
1895834802
8838842841
8958398593
0833099918
0289488682
9993532924
4842595469
5999813887
9059059945
9388986809
8528491299
9188893736
9998309887
0029980599
6584236808
8106476496
1902788999
6998429088
4415488242
9419309292
3810089208
8939191349
0118258954
9899631939
9845216958
2811567848
7788898435
8993731624
1091998968
7699639698
2918029870
8899878943
2830088999
9828181878
3582506902
9895817946
8568874995
3082789246
0980286528
8399591499
5357990509
8831984939
7402991808
0820809891
4887999889
2062889328
4179887899
2928229997
8848858859
4398888327
3886878995
8698858886
7948488769
9894649412
1982098023
8579888029
4898221288
8529986899
6665616813
4880387887
8949989186
2889828585
3858299940
4484493988
2315802995
9335086785
9438996888
9439859499
5898583851
2899989894
8835161943
2993899743
9975597499
8984828687
9799772989
8043071946
3534078599
9868889962
4991880769
7395715988
7998848590
8686709086
6696897938
7319520899
3183879483
9283260928
7841899869
7681986096
3708898419
6777933648
9888999481
0985813541
8325458924
8955998319
7882579981
0981252195
7761279952
9192285188
0899038240
4296154689
9849818949
6809294484
9719894120
1282329878
3548939699
6972961048
8500872780
2886317138
