+

6887
+9
+39
0
98
+5
+628918
727
+63
288893291
+3
+99
8
+80
5
9
4598
48
+999882
+8
+05
8899
588
9992
480
+96
+0
+96583
+8988
+24
32
0373
59
287
49
1388
3
485
+998998
+42
+878
2
+86
4
+64
+549
+388
40
75
37
99
47820
299
+8928
+1
988
+88
+6
6
7564
1
+00
+89
52
+7
599997
+4
+03
+818
92
+9999
5186
+3807
+088
+32
+889
95
+989
+98
+898
989
+12
7
+528
889
63
94
50
+768
+27
34
3995380
+07
+2
89
+09
+78
098
88
+399
+839
8991
20
838
08
+15588
+08
+49
84
6981
80
+8189
45
289
+29885497
+21989
21979
+9889
+926
883
483
+18
1288082
9499
+777
+59
+513
+97
+3999
58
+9828
8738
+984
+95
+89734
81199
6631
+938
535
+8648
09
984
39586
+19
+988
8188
9875
96
+9879
9999
69998
+999
178
+894
986
+025818
908
+7998
53
994
+91
4467937923
4819
+861
391
894
+099
+863
+28
968
8879
+38
93
+99868
+86899889
+48
+19969
74
+6088
842
39
+75
+81
62
+441
+4998
27
619
+0583
60
+8409
69
+2495
864499
+85591
+798
929
63878
+773
+4056
78
947
007
+849
9382
+349144
+872
9799
+7386
51
+58
+68
01
6890
+11
90
+97998
+04112
52269
8998
+47
+9715
29933
+338233
+82
2589
+858
+85
+389
+5688
9888558
91
+596
+067
06
699
+987
389
141
+4298
839
+723
+289
82983
+807
+188
903
+8998621818
89581
18
388
+93
+9918
23
+5269
+832
869
+76
872
38
+57
+83
+8658
+79
28
471
049204
599
256
985016
588088
+843
97
+106
+978
963
+818988
+5878
182827795
6597
+9929
85
+2899
983
03
9808
691
+196
19
8538
+899
889888
+9329
085
038
+890
+992
+83088
+895
26
+34819979
79
899
+998
83
892
+83776
65
+679
+7901
+664
+69
82
91828988
979
3868
+52
87
992
+696
+1779
+819
+591
30
+88384
+9881
04
2188
81
7764
58699
103
9591
+46
+66271
887
+65
982419258585
56902
+59073
83648
+648
71688974
961488755
+963
+909
+35
693
087
+857
+845
+90
208617
+888818777
816
8116
98098
+41991
+21173
+990
5089422
+96385
+980
43
+8989
+139
+328
299368
+2886548
99889
415
+885799
+9668
+6998
182
538
+8896
+979
+61849
697
+981
+80999
