 6
92
.
 .99
986
5
  
8 9
.. 
.6.
.298.78
7
 
0
18
.9
8
   9 
2
2.
 9
3
9
0.
  522
59
.  
   
8.
.986
9.
34
81.
970
99..
.988
3.. 
8 
8.561
08.
59 
 6.
..14
59.
 7
.8
. 
 .
.9.9 .9
..
  .
62 
88 
  2..1 .
1 
8.48.  
1
6
. 3. . 6
4 
 9 
.98   
2 
99
 628 2
0 
8  .
..7
 8.
  3
7 
 08
203
7 7 9.7
8996
95
6 881
8039
.29
.39.
9 .9
73. 
988 .
9 
2..
4..
7..
89
0..4
89.
949
 4
3 8 5.
9. 59
2.8
 8
95.
.0.
57.
5..
8..9
6 
95  
 92
91
9.66.
8.04
 3..9 
 . 
7.96
6.
8..
1.
.0  4
9 .
..8
6 ..9
37
9. 
 32.
98
09
.28
2  ...
6 92
97
3.
85
48.69. 
 93
 0
99 
90.8
.5
91. 
..9
 . ..9
...
.89
 978
08 7 
2 8.79
79
82 
7.
4
 61
89 
6.  
.97. 90 
48
4.
.49
58
8 4
62
 99
 .9
. 2 33 
.0
32
5 
 ..2
9 2
  .9
 4.
2 9
02.53
1 .
.4
5. 
  . 
.9199 
22.
94. . 8783 
.7
.1.
  0
.68
092    
 .9 9
88. 8.
159.
 9. 91
5 9
2949
7 7 
. 6. 9
99.
.3 
.69 
 9.7
5 .39  
 83
.97 
7. ..
.9889
3 
.   
. 2
 2
28
4 71  .
429
 .4 8.
 ..
.8 
76.
4. 0
13
 7.7.
40
187.
  8 
5.
..9.4
23
8 2
. 9
6 .0
689
9..
8.2
96.99
22 
09.29
  1
2.9
 59 
8 .9
.17.
 1
.  2
88618
0..
..6 
88
 8.57
3 .
.5.
..  
2..1
 64949  
63 
9 899
196 
6..8 
3 .9 
45
09..30
82  
6.8 6
097
.229
.7.
901.
.1
2.  
990.65
9.4
4 .
 6 
.79
90
.. 7 .
 03.
73
7 .
  9
73718
 9..9
.8.88
648
.87.43
. 8.
98 
981
  5
38
..20 
.986 .
8. 8
8.9
 .  .9
289
4..9
.  85
10.
 9.89
.81
5.9 
9. 06
389
3..
. 1
98.
.. 9
.89.
 .1
9  3
69
.93.
. .
.75
178
9.3
 719. 
6 .
 64
 72 .8 
 95
 4 
29
 .. 
 3.
9.9
9169 
93 
. 37
 38
71
31
998
8.3
86
  .21
77
  2 
 . 92
.73 .
8.4
.9.
25
858
8 .
16
6  
 918
9 0
 .8
5 . . .
8. 
9  
8969 619
8.  
....
.9 
.6
.  .
56
8.08. 89
... 
.19
9 9
38 ..81
74
 9.
.94
.38
. 806
395
88.
 6.9  8. 7
.88
 8.8
 7.
2. 
47
8.8
4  .48. 
10 6.9
.3
19
12
. 59
8 38
 821
8.7.  1 5
 7 4
4. 
8 882..
.93 
81
 9 .
