2999503887
8982023682
2138863999
9199886828
2293996903
6293809799
8093891994
9268993998
9804598999
6089999897
4239888388
3989390850
2962287858
4897435438
8603940886
8423705919
8705962848
4467769298
3502235894
9999993989
2848830369
3619795758
5474719863
9789888189
7896886296
9992388249
3983952410
5959581802
8915899508
3397953288
9989799967
5045087986
8879589728
2898998494
8998466856
3993919398
3883397978
8822378940
8818898983
9843928948
8968896303
9192979888
3713155949
8478993881
8349850033
9913206943
7969784799
9615898898
9707231989
6892909587
8898987884
9422099462
2498987983
6888805983
9969989548
8689547889
3959495843
2718254883
6939831899
8899903398
3848588934
9185799942
9189749212
9243380699
8826388568
6122890948
9975808996
9409570998
8878099285
3998875192
6598987877
9169678798
2937289118
9098992888
9948800819
8828092978
6995188470
8909979397
8865790998
4038891936
8724840296
3382920352
9784022486
2385898391
8989186259
8519489576
2952397608
8889801442
6989266783
7805339989
3192498969
9993162193
6289532602
8899988158
3885298718
7158996999
7976985984
8472495506
7899181989
3913380848
9333986579
9827069896
2782553909
9218889799
6809199075
3879986298
7988929888
3883798094
7772545981
5995139138
7695785980
5312509998
7148998267
2825100988
3288855188
5823898915
4898921174
3938895079
8872987908
9637884989
4426675949
3648289983
3342692989
9588891999
6319869829
8893988983
2868559788
3898829798
9345916988
6992089969
2894286768
2028899868
9627888904
8862376887
9876917938
3889098493
3814599888
4978812154
8423182779
9939080887
2986904988
3488491899
8023275069
2928864196
2913958088
4693295827
2832298988
8938874888
5904269859
9389927380
9882899279
8305978583
5128371893
3613288822
7983890432
3809522844
3149889529
9099468988
8984628888
9078897330
9988223591
8148918899
5092955899
6183086099
5252898358
2438889098
8889769788
8955188638
8998901618
7186507505
8787849898
9518085412
5978844899
9939689989
9942959902
5885428884
9393309284
8785933839
8888994367
9482581080
3309637812
6836971898
8168790969
2998289283
8989916934
3618969809
2837899088
4949463428
9149350997
9989885790
9937488148
5943838898
2889889190
3377995628
8989859894
8688382113
7888795889
6703999803
9882349694
9286380798
9292836895
7893960182
9734987930
5398819020
2035727020
3783382399
6982835993
2899390711
8932999881
5082501949
9895839682
8899988994
7994535786
4409991996
6927956988
9198083305
9993190732
8998999295
3895389305
5996492411
6943919283
8899576895
3802983769
7098418613
2688999142
8088229102
3273789263
2372898949
3572918635
8982309489
5759519978
9688892881
2969394937
9584273296
4089712399
4089868988
4898581892
2983872429
3912897824
6856890373
6884188849
9893899019
3913861934
3379171689
3499899144
4208188888
8232378860
3889859868
5858090085
5218120227
3887753589
8402478919
6487849986
2473809109
5989496227
9835985875
9492098999
9148588885
2899578893
8775468497
3598029993
3897993099
8829598980
2997777759
8677892730
9837409968
8779849789
3878375894
2975889999
9982798618
7993928986
3837903189
3897982379
3088958792
8486925598
2928949718
4998383081
8043992098
8754154243
7807160924
9082482019
8889499999
7229566734
2088985899
9205842888
8809898989
8984918894
9877998828
9369998908
8862804990
3899911039
5288795986
8186993939
2979989416
9988996989
2983884894
8604907389
9897265786
8707499294
9586195993
9164133969
9519963420
9999883889
4742814899
6248881938
3883889150
9813989582
2297065071
6983901807
8882969805
8869987889
7369526980
9998448493
6197843128
9393159664
9982825584
2894588949
9898039979
2937999970
2937879797
3898389369
9869773905
8934887938
5917879233
9592848809
8852888792
9584612919
9088899907
7898299546
9982979015
3888389975
6829958284
9899882117
9973906990
8592820169
5924685399
2704899346
7108899088
8934423889
2848886912
8898581998
9083978958
9899883289
5892989818
5438949940
4559588955
2048993839
4082395594
5922666472
9386089809
9692748688
3902589744
4914687888
8088950891
2683499993
8624494595
8528788091
7288339848
8979399308
4189855399
4593889941
8489282240
8283988097
2808807446
9912888892
4598493318
9995852119
4878329540
3856690477
3292117824
6823916936
4389055988
9328969908
8983939886
2399838320
2988688896
6283849589
8458385890
7832860049
5023397436
2998999066
9488989258
7229948739
7829097909
