28842
8839
91
9
0
00
2596
1
3
2
5
379
7
8
8768
87
288
29
56
96
208
89
28
686
998
19398
398
07
17
4
903
37
2890
78789
88
48
98
10
99
98783
301
98285
78
85
80288
48879
1087
68
73
36
90
6
83
41
44
86
8338
7984
9912
80
7619
989
296
25
933
1188
995
031
958
46
383
09
67
82
16859
15
16
874
8157
71
47
038
49
8774
59
55
08
97
93
87898
81898
558
493
39229
3588
891
64
309
03912
098
582
99398
7787
07899
09318
848
023
58
1875
19
9797
787
3380
99915
35
825
983
43
748
8950
877
65
26350
793
8728
859
86889
139
849
2844
257
2989
38
8890
69781
7580
60
959
5923
908
81985
34
49442
8786
99492
92
729
33
198
015
83135
945
94
991
889
979
86891
1672
19128
099
84
909
76
688
06
92858
88609
12
985
19899
58864
8880
91618
45989
289
18
9867
910
6968
11
2582
878
09829
987
999
899
99719
089
285
110
25898
818
3898
98898
30
26885
22
913
3970
27
881
89554
48990
51
798
79
9890
868
0824
22884
77
246
21
29508
85884
589
694
8988
904
98888
95
45
5696
862
297
408
1693
826
9988
399
780
538
080
92780
9979
986
42819
57
24
98618
39
498
021
149
40
784
867
675
549
898
39888
62530
776
514
81
298
13
83783
731
69
66
9387
829
98569
121
884
42
89199
6868
8548
392
04
788
88949
53
7919
084
8343
49088
86196
984
91981
99989
8849
17749
5498
9939
14
88589
480
197
40897
588
05
2898
145
67099
89623
01
009
0880
817
879
5499
981
1845
165
6939
6652
8648
118
44498
72
1881
8777
640
9288
7669
20
88349
2908
68098
82409
25293
32
2996
922
9821
59686
89999
31
887
850
699
691
80885
888
270
24829
9249
43538
8996
811
8119
188
546
799
45993
1498
68898
386
74
98958
03
84098
839
08578
949
969
99903
0888
23
59799
18281
90988
947
943
567
93806
967
488
88037
844
81239
99912
390
28954
953
7266
68570
838
189
9580
88449
