4989
1182
9949
8878
4239
8236
2138
2990
9975
9153
1288
4085
9582
6959
8961
8489
8459
8609
7799
2728
0999
9869
9819
2921
9480
4722
8389
9488
2558
8680
1386
7474
8198
5329
9818
7826
4867
3592
1959
3990
9999
8832
8992
8908
8045
9881
3183
9848
7781
8999
8585
1499
9978
9931
1198
8602
9298
6187
0107
9583
9568
5688
8836
0978
2398
9688
0629
5199
8690
4699
8189
4819
8988
4124
9801
9998
2898
5943
8991
3597
2864
8835
7994
5397
6880
2987
8278
3686
4839
4477
9413
8929
8399
3088
6961
9900
8920
7154
0069
3295
8889
6063
8959
9387
9928
2991
8258
2884
5974
2930
4821
1878
4895
8799
8087
9697
1019
7988
9911
1889
8898
6906
7987
8180
9307
3490
2984
6739
8788
4913
9899
8065
9992
9295
7166
4096
0695
9360
8879
9218
2497
8860
8693
9081
3995
9209
9889
9219
8371
5489
6388
0683
8299
8219
3868
6891
1883
9114
8938
4278
5936
8983
6991
9987
8880
9990
0888
8985
2698
9762
3986
1591
9401
9982
9843
0308
5869
9828
1894
9888
9758
8888
9839
1487
1382
9941
2682
6385
7482
6275
2830
5286
9320
9738
9808
9994
3209
3119
0074
9838
1867
9926
1308
9993
9699
3991
9384
7099
8789
8088
8538
8893
8362
9388
9859
4893
9892
9898
7769
5883
2588
8989
9089
9353
2758
8940
8849
9649
1971
0879
6498
1984
8919
1189
9989
8826
8491
8990
9626
7949
6217
6748
9283
2183
2338
8998
8876
7688
2459
8454
8858
0958
8197
5289
5059
8719
1498
2849
4914
6988
8828
2888
9955
4933
9156
9918
2298
0299
9878
9798
8599
9490
9817
4599
8066
9896
8592
5530
3911
3989
0448
5889
8818
8587
5839
8796
9228
3588
1906
9909
9643
3407
7271
8969
5539
6335
8798
9155
1108
9526
9433
7898
0975
4799
0469
0798
5878
9958
9954
3790
0763
1170
9895
8981
2998
5768
9796
8268
2606
1888
1858
0238
9489
5268
4969
3859
9357
5296
9491
9988
8937
3664
8968
0198
9356
1835
3288
8193
5728
9794
9849
0698
4108
5986
5874
3667
4986
4974
9811
4529
9497
7989
8289
3218
8857
0918
8806
4968
8151
3418
0898
8993
4959
8776
5969
4941
9579
6802
5789
9696
0119
6899
7468
4991
4685
1881
1208
8080
2791
9678
6690
3888
3899
4898
