28		
5 
0
2
49
8 
52
	 
8
29
9	
99  
524 
41
87	
407839  
99	
631840
099 	 	
5
2  
998 
349
2 
6 
582415
0 
20
88
0895
5
70
9
1
4  
927
9 
9
98 
043
86990 
8  
38 
7   

4 
11813998
98
 
584 
0988169	 
9658
881
4
9 
4
19589
15 
98  
1 
8909
90

80998937
84
929  
797
988888	
99880 
7
18  
9  
81 
848 
5	
84 	 
15
508 	 
37 
8

788 
89   
9 
158
24769 
2	
6  		 
82  
95
8	
498
890
836
06  		
68
89
8519
890  
59
12
740
6987
99  
88  

333    
86
4898
3308
4025 
8 	  
99
6  
93
692
9 
90
8 
899
3
4
29 
098
09 
24
19
9
19828  
8389
2180998
8	 	
6
5989
9481		

98
48 
73
688	
9815
462
939
3889 
999
9	
58  
7 
02
6 
75
98 
90 
66
9	 
52	  
1918

9  
0	
1997	
3 
49999	
39
18   
8
31
18599
98	
9899 	

78948   
9  
7891189
918
48   	
1 
2 
83
99 
45
43
98904
8
19 
819839
390
85
09 
889
835
88 
42
90839719889
102
688 
47
019899599
89	
6
858 	 
1178   
9338
82
39083
983
809

93 
09688 
49
5908
48
9	
8889 
81
8
 		 
27990  
094730
6	
706816
84 
2579

6  	 
94 
9922
90	
98651

8 
89 
9	 

19
15437
1059	
85282
159	 
956 
8 	  
0		 
8916
99818
18
908
7593
9327	
9   	

3888  
9
 
413
962 
4
6 
7927
898880
8


9 
398
0 
885
8
16 
4
99 	
60
69
306389
94
8	 
33 
9
16
09
9	
04
4798999904
90

4568
998
8
6666899
0737
899

589	 
3797
843
997
3
88	
964	
6868 

809 	
9983
50
74
314 
1 	
086950
88  
899 
9978
0  

30
03 
93	
7294

58
28 
595 	
88

10  
18 
490
840928 
993    	
5    
5841
815499
48306
858
080
9 	
84	
8

39 
10	
6 
880
58
5  
1
30
895   
08
3089889
8 
45  
0  
98
09
9
2199299
882 
78 	
9   
133 	 	 
781
89		
9
82982
89579
896
428
398868  	
9550
888
	
9989
3953
707
3848	 
985
	
864 
86	  
91
3 
4   
8988
2954
38  	
95 
92
9984 
799937
472
17
98993
24 
7
 
9   
87
897
41478
878 	 
39948
89

0  
495
682
58 
268
3    
80  
91952
39
	
9396
