-8
-1599599
8
-58
1
9180
9
09
3
0
72
-85088
-23
-49
89
48
-3
-64
-1
5
-15788
82
-96739
794
7
-6
-36
497
888
-9
-16
-2
88
-198
4949997829
-66
277
-98
-27
-83
-85
-088
2
038
99
-88
4
189
889
-5
-908
968
-690
1184
58
6
7791
-4
466
1088
27
-92
8786
089986
158
-099
-37
070
8888
-5668
-35
92
-99
4219
959
056
98
86
53
63
07
-09
98710994
628888
55
40
-79
95
8899
868
-90
-8998
496
-22
68
-97
-59
00
-38
-46
-9193
-84
-86
-7
31
84
2609
4196982
-15
896
91
557
-775
-2092
52
-6189
9748
38
-81
-89
986
46
-80798
5979
717
969
-91
229
-4989
179
-89908686
-543
-86393
607
1499
60
-69
690
-60
-824
-94
-880
894
-3007
-893
-50
-4919
-678
-982895
49
-810
39
56
-340
80
897
999
-0
-062
-7298
-399
-76
9812587
-26
47
-75
7892
50
-8369
-989
-48
-338
11
8878
36
99284
87
-9943
-96
-9631
-05
-845
-841
52997
988
-069
-61
8969789
68908
198
-089
19
65
3688
8808821
-2544809
-25
296
45
96
-86088
-5908
98688
-490888
170
-0108
139
34
93
-95
-5989
-8156
-88989
97
-987
-907
98950
-839
289
-6988
21
-93
-80
08
376
-745
78699
-68118
81860
-589
-28
48385
8594888
-973
-931
64
03
493
-9885
-648
882
-980
-8865289969
-5395
-986
-929
-8951395
979
-981
8989
-41
789
41
-513
-823
65989949
-8968971
106977
618
-3883
-99608
-68
-984
-4689
736
-9371928
6583617
-45096
-788
-65168
-06
8586303
-829988
42
960
-788899
974
-238
-68899
-3988
28
81
-43
-24
9869
-68999
-9255
-839365
-494
249
-654
-2394
878
85
-9283783
-82
819647
-30
-999
-959
25
-397
293
-049
81087
-87
9599
859
679
208480
2870513
-78
272
28111
-958
569999
-896
-7834
-8990
90484
939
-31
692
8799
-080
-689605
8384
-18
-026
-7889889
-59978880
838
-39
592
459
-63
087
9988
-194
-8808
385
-21
3699
87895
809881917659
266
-2556
122
877
-20
-169
-54
099
04
570
9979
695
-08
-633
69
658
-383
816
858
-793928
608
-9084
13
-42
2812
-851
37
-90869
-652
-388
-78898
-658
-9188
02888
-087
05
-488988
94
-887
