3228578199891
6188028008998
9787748923488
6892473786859
4888996994897
2829989896987
8229895147494
8293893899998
9808299829980
6222998389885
9978491792220
8790408889998
9781614382997
9882139979190
9967989844789
8948921842924
9788198208052
3909752988990
7066856918459
8992911968928
8993444999849
8689788059199
5188388199902
7945958899659
7195785990584
9795631698189
8395938493349
8891998388898
9699699988889
9428299995035
1989028830688
9913179488708
3841179385989
1232794880855
6999349881897
9181999898120
9361861397138
9980190788475
8984095510989
8308597436089
8401383879598
9860689706899
9129593593788
3890880899457
7349663067050
8429898968829
8369598759899
9199099788399
6780890888818
1448861517882
6638828598497
5969239884764
8877979993127
5472899999898
6089815797448
2844990956134
9838979191987
8416699068629
1198982059960
5912003238184
0666859946498
8498970481998
8987208938039
9888850093859
8393998983202
3151998780883
1986921788948
8887929298019
6876880995229
9993997681392
9619889228698
9211599319918
0939638654288
7469863953857
7899953485859
6141899807280
3874949510985
2888852880999
6084928269890
9635487663998
1398068588889
8838094089862
6896550968107
9619872855984
8094178599258
9999208921929
9783968982799
8914877138874
9969519081834
9929985698838
9895153913218
0688881886855
6952998890986
4988394053711
2388808895989
0976808981899
3838459749809
9291228698448
8880845996436
2688988963879
8737517983948
9289598785989
8828896291018
2095909568245
8989608952909
5839098078597
6398958196998
4988828689887
9763180289988
4900393699849
4569961825840
8063619826649
7493787030494
9865865859528
9513833239789
9988902518589
5884648762919
1188925665208
9929414988348
1999193518961
9981997909037
3676488943941
8989261774089
5998084283985
0920835998859
9840780909999
9198889791598
0983688808957
0469673091349
9150987088889
9798309980758
8499658919899
4880955893418
4964908886698
4885918987696
2960789827992
4995131999789
9029828880490
9842298332285
8459865910890
8949503598868
9087808846118
1881998894904
8840289898776
0701458819957
8948874299898
0488390946988
5568995968285
7999989928790
8661985968984
8909751672799
5986820985827
4109993835880
8477921887972
9818598985528
8915698403995
9280789933587
5868795425525
6989368899968
8983588192888
9288769989101
2489940768398
9988969289898
9829588891988
0131288197837
0991768680829
8610990269919
8806078101989
3901881958206
8436283999554
0989953829995
9996909809983
7699198911899
8289989837936
3195289838799
9868320825881
8782109278588
3362969282998
8483889659688
8869839591828
8718557478939
0799981664899
4985148284789
4986958389095
9779172998958
5602991858833
5397872743478
7998719488193
4499989028098
0869548427118
4391139119998
9883999288988
5099382379599
0834898046515
6022779981848
9798779013388
8535187889998
6847900988789
9994081489125
9941829489082
6784179989889
9114049181091
0428798966684
4975316089609
8995982885092
9989880989499
0083867832292
8999138898474
9298461898664
4199499998447
9938938829959
0562834048939
8668489888866
4628565888829
9888638998965
4948760248859
7606823894898
9989480421102
3303314683857
4608839998958
1548991115539
9006840702953
8719287968038
9999949560670
9883192063901
8909399380999
0902388998960
9981698895429
8369789458287
8722889488623
5218689048418
1278688165139
9813917054088
5899822521971
9983858912099
1224519599483
9765971898902
9498899518982
8381688424888
9378091919993
2488065089989
9616957990338
8158089822928
8892898887991
9718531939841
9650838839987
3797894027879
9098565243388
8329386288999
6888050555889
6881498998974
2977589918921
8189388633604
8986545899845
9519566779355
9495788076925
7999887152195
7045898842251
8499552429885
9142138597259
2936889458863
8987799463609
1908986982093
8098888992988
3798928880628
0238848918589
9986882498391
9388493431888
8792198685788
0368289988599
6179803995824
9898880829896
4899998897430
5379381934859
8890349984597
3246419679896
9886488998489
8834167083998
9928289956719
7984899225979
7888831215699
2960814903392
5599128801757
1865978689799
9289518928887
8821978975549
8984271908863
9808867098905
0379584928476
8051528909986
9909929750489
6880898787998
8870569493069
9951599302203
9813799958989
9869839989992
2819089390917
3947780909989
7985988895980
7582170660087
5090811289899
1885918392882
9882639759860
9859679828889
6486979978188
3383893981839
3199899298581
9803890885397
4931288683998
8907190288097
8918998849505
7929839889898
5875688700729
3888280090792
8314568992189
3210989097873
8785696488125
4938695790878
5159113849988
2200791308088
8998979039682
9229932598882
9698088899382
7583441880389
8588398488919
9989849189083
9686846462958
8935869709968
9435868298719
7581949849895
9438843896888
4407899989991
8396819981880
3308488582968
8798181900889
5819700989648
8488890159208
9880809986889
0856791885148
1888393822894
9662873419739
8539895763188
2848997981818
9890881938859
4888734488895
8999929598392
6178088383748
8808887179389
1725995591307
6587898079581
7931968993583
1984899861699
1859398199599
2786768774134
6179303909893
8985888918098
0644814815818
9179698772889
8883848972692
4686154984498
4488787819988
9888733989952
0298581958899
8288800984281
6987582368658
1785892728899
8783334481889
8791989326889
1883681888899
1699112989999
4098875989809
4887624948079
7772388488789
9898791962794
6595885571281
8641577809243
9309999588784
4998843089864
9889400868189
8499808333728
6685845343878
2669893876372
1981969868236
7809996189417
