83007
79761
74998
88693
90289
99919
58088
81599
89979
26930
63198
38956
98888
88098
47221
48788
94801
66699
89287
14889
98998
05986
98910
93988
18828
26094
86489
69599
64889
98091
38990
59883
89923
09119
91191
37888
47679
92628
29198
38988
01938
84878
82984
99263
91881
19814
99848
92162
91660
84298
49528
99178
69769
59989
05819
28882
88526
39809
95898
61999
87968
78919
97999
59870
48848
98329
51888
89840
58295
88468
99597
88728
82992
46585
89394
51895
74119
35799
83308
58996
41238
59860
88689
44569
98959
36305
81484
09853
44880
57988
99988
11893
98240
77999
28986
08989
58475
88906
83588
86899
96194
39898
69460
92889
98233
98438
58919
19888
28350
99098
89765
19182
85888
08958
26882
88970
39009
91487
68089
03228
73833
29494
68869
02884
99099
38841
98970
32582
38026
98430
83958
49889
81841
95199
71938
88748
84968
68889
88999
98989
89808
42308
92186
00249
28922
94986
61509
79129
98999
16298
08188
81628
29898
49389
89988
83546
74935
02409
32499
84889
33599
90039
78199
93585
27895
98180
29907
59031
90888
49839
89186
88899
58139
79897
98310
99881
98969
78254
98008
99278
78261
95271
59898
11998
99971
89732
97858
99928
79993
57188
80679
58968
73899
67531
27688
96888
99977
38936
91080
85898
14861
69980
08970
87908
59498
97989
89766
36760
94089
88459
09873
88968
13999
92056
66978
78908
80904
65168
62848
59707
02221
77598
89688
98996
90882
86959
59034
10949
86977
04793
98110
89899
98478
88279
77928
88808
89449
69228
42185
56896
30192
78083
69974
88948
94178
97493
38889
38819
08894
77278
19195
39346
49498
28332
84985
82259
89940
38891
92669
87097
59198
59689
85910
89089
80801
80968
08869
99189
99903
98977
98979
86907
13212
39399
94819
49059
85897
29928
43488
82959
19381
08688
58648
08626
13388
81496
99935
31809
41314
95882
84486
85899
80498
88828
99487
48006
99698
92989
06649
91989
68887
99781
89280
72008
89895
09986
93492
99998
16049
76978
54398
64989
82598
49398
84815
65184
49185
54952
88604
98549
88138
89898
51999
85187
99213
98148
72984
82280
29859
99148
07112
28856
89219
69949
80680
49688
18968
50817
18839
81180
69884
20998
28936
88820
39318
99994
93723
97297
38981
68518
95886
17395
89998
89452
89639
38882
58669
39287
88848
70662
81899
88985
28642
38061
69032
01974
98706
07289
78181
85993
62459
27009
94025
51989
76183
41971
58238
19729
89770
45599
99908
54983
95881
53898
