029982726539190
957748489899679
40788980867838958X
908021899338481
417078988922028
89892862686862990X
989469419493059
929493898538991894
482773487940079991
972982323991616
899256617828828
88959894489802812X
690299989945939940
192529834329869856
358898836989969188
329423495996605
187596288808498219
59089408999959833X
599115883986989
99827097949868594X
355999961988049808
899809788194963874
938597799649469
86478209882289988X
88419898893599727X
56919310119995909X
935929297848891831
098548188999972966
82799837893194588X
659585823893887839
88998529178899999X
38695882898148451X
088467884446447
84981098980317189X
189999980495836
429399885998929019
823963839518689
898699819919819
121989599278961
512359878540295989
290488290760789
605999094888819
58808889553367849x
388721951488797
388881469719684
95882713213880384X
688128620663309
98898198846382489X
109992981878868
288989736299897
999491988587844
799044886972199
964198902659433
962917170878898
206924294489339
938819458949159
02096818909989098X
209934692709088
929890948983769
690968408339809
18881949279993899X
45839881279849798x
59988019954888997x
45969359211858908x
961987494888428
880157980090983
99843458859208922x
958818990598889981
669838979969595
888969322088659
179989178973820
769777417588858
782808099998885
40219087681880198x
895091884492882
083948386882860
79088209877800784X
951997396299190849
79160134439899939x
91865177981478792X
74100399009089912x
890998691728257899
789499889856988
989997935949667
954298596514899899
978088579982988
998890345852990474
048995099989196792
780239581991649390
782980559249807
886904897992639886
891979588329550894
612689483988168
009991986221819
396188991558889
69959684428970188X
841023986196090969
889959888398889879
895949761160909884
853880219354998
997549784938091199
640173991197969
389525848988148085
99880838837322659x
004879829269552
53944383829698886x
829958292919988
898951383998899989
719878396087896
803199889588099
998581259959880
649998148593988387
363994999898328950
999812729099428949
458449988834599989
190588997918984
203409889518824959
99948076187884419X
87591728896899498X
881996879826907
919879967716728
511372217938999888
917899368879876886
82180860888308982x
589896898946828
69429889886878896x
275899819899108
999099986499998628
198981816912997
99689679489804857X
88758146990159890x
994842989239827
121871998999188
838896802368569
998248399809299
999268881808813339
988583276698852
99890988995499829X
495858828958888
81538894889040936x
243848509078348989
198548099074263
879185102796888758
99789898796860760X
39663849799940928X
220289899895899
181939218898909
144669868374528
83392987995827698x
897888642278952
998897999678958489
49907899988989208x
288882869986588
21986007489852698x
453579919218860985
907004672839466
60828923881837654x
588515439898869
879430189137208
205998894967926011
05099399386988987X
996297438385998789
17488680852631888X
693952289883889239
96995987499888848X
899141392882629
918707299718164348
88267488081886980X
99439593889383898x
499729998998648
94142409132968889x
989983891898293
863169149729474428
06547989837419985X
339188358897986
16369861989898487x
844168092876929097
08882508979927606x
888617788898489867
89888685658757912x
457106934988981
98684540809941999x
386858985588786
388984920632213994
598581963799981
48908191049863424X
983822970416989478
888589885914272588
509803980881876
38894997999218998X
39886803594849799x
694188888648249
17298895519473644X
129875971752108342
499999893566228099
888788869837899
591209418872382
899385408499929
988009298959898780
999818987874889802
298588699798550
88902742437786830x
789397892877062
597079464995289
88988959996882998X
868921688008953705
302888983899949484
282888999917903
368690744886691902
899959199895358038
348389702146199997
90190618489198418x
989298889991989143
989480297989847229
186999917918851
25709798893902326x
29688889868189098X
88859394288297683x
97108829899842565x
851889795196846
769505393849898998
098599188821814
029068828968631
495778918226959
180991839994998
051089289698976892
381699986192996
99590669198245889X
989699978586829
21969850998391089X
888795287625988828
119078878409195
788182834886908
269981058350837
028990496686585
241839449880919
19971898829900998X
898987876093609
98195902355718918X
998918884399882198
188781982117340
429998899781198935
231784088884857
045948897919188110
187884110951184
526884588981978
948566393680193879
379765294489979
893338558409898
799949838999890
261989445803898585
319881680509988348
749433073886921
878989849287714948
788816888086919
82878969998358986x
593889571289989
29688789996819817X
938927529397793
999900506881949
911892848185988
89884983888888582X
470988804388988300
858459898556036
188792909914989
989998593479247
549895639890878168
88209404989897698X
851809789990833
88975788431188434x
939069952888298
338967767982178
39992355635985925X
149326489999409
809829877895692
028928250694306327
288804812488964488
851398859887329
15726495138286329x
538849892364999611
894486858719628
899866089894498
836889778398985
476085882458244899
888380995808244
12095898158485848x
598895420018089589
492879973889299999
956494885349918889
999968995139893
85281994981794884x
346789017999982786
688899388895898
48006153989993999X
329883480888799
989681984877998
13968989904880989X
289482569806790842
868892158509165905
818199988885336883
499960753509088168
989489199856116
908289968991499
889994982979897
807959988025875
888170884507739
95898694295898619x
913529899881648
989814584103983482
855108489835908
705421498263838
980369913195899
989696388982299
989899898968970
888879683779309
68825204909843866X
944989988961979
899688996095328
88298911789984799X
39960880735497976X
498888960882298982
898369892578895903
69587715888329864x
889564987596986568
304936107982900822
99589592078068268x
848987608587980
838499684960489005
86939908887898899x
188045590889899
026141397913878468
02978299687748886x
483187878991888
19069888964884728X
810599296419639
47184897887358917x
382596944916898
59824689099282718x
994929899229888
186883142839887896
04888399619990997x
75059986983921988x
097915449939150
078798928839894068
66958798643965997X
828059884106709
20832884759739887X
032930983287899953
67196868599902948X
988908989694799829
958896886983086980
94985989191076676X
16893744298288918x
89898287369990808x
957996837174489
889428829498690
901611898878889
895358483988210089
188389989041508
924989190199263899
988834284656987
90898901968880998x
49890789791989845x
889981988801191
294199544594896989
928582819271990977
68769882012965769X
994864881581888483
704897998888386588
911798883786061
729588889759823768
69580595869894958x
890947993082879
99243999953885829X
28096689475491904X
987398960916988398
929946797989884
283396985982889
961879329677920
925978970529488
08908888969199781x
039368998842996668
088769009488869
87388481699989648x
