  86
 4
 9
220 
    89 
8
6
 2
448 
59 
	8
  9  
	   
2
591
95652
3056

  98 
  	960	
	 760
4 
4
6
7879
8    
88
99
 98
 9638 
58

 
2
  		18 
 0

96 	 
 5
3	
8
9
  6
759
 3
8 
   5786
 4 
518
990  
 3899
5

 97
88	 
9 

	 3 
45

 71 
2 
2
81
	 9918 
53
 99
484	
0
 	94
8 	
    64
82
981

8 
	66
  9
 983359
 5 
	0

  585
 	68   
4

 5

 8
 	  29
  
 	  38 

39949 
1
994  

909
	 17 
 9 
	278  
83 
799
 95
	 2
 
0 
   9
829
9 
7
   	243
 9
84 
7898
 	099 
79	
 
	   94272
 1	
36
	 
71
  58
0
31
9 
 36
 	9 
2	
8
9	
 989
7   	 
8  
3
9
6	
08
	99 
019
		7 
6	
 	3
0048 	
   499
5 
  
8889	
8682 
18 
 914      
0898981
1	 
9 
  	
 2
 	
 92
8 
51  
	998  
	 	8
12	
  9
9
49
  81 

99804 
 3
286  	
98  
1 
 	 9285
588
 5
7
88  
 	98
 2279
   99
9 
  	82
	 8
 	5 
3
	 12
		7     	
89 	
 6 
4
 9309 
	 9
85
999
	4
  3
3  
969 

60
27
  86	
 4
18
83

	93
	0  
33 
86
79
  45
172
  8
2
	 9
8238959188	  
 	9
  1

 99
489
 

 4
 09 
986
  8 
98
48  
  	 
		8	 

 89
5

 71 
819821
67
89889
989

  4 
8

  909
  3079
	4
89
6 
87927
  98	
 	8799
   589
  	89116899
 	8080  

  8
0	
825
 8  
036
		  9545680
08
84   
47  			
4 
		6
 	 	7 
1985
2 
   1
 
2  
09
95
 3
9 
 	
8
	2
   69	 

28 		   
8  
  88
4 	
	3
 58
 4080			

53 
061 
3
	0
 6	
  
8
1	
 8 
 8	
 7
99
4188 
8	
	 49 

8898
090
  0	
859
  7 
198951
919858212
 8
 8894
 5

 8
 9
1590
 45    
32	
 873 
1917
8	
81   
 97
258 

9 
8	
 859
889
 373
 190  

9
  0 
 	7
 	885
 856
29
 6
9798  
700
38 
889	 
1
 
 6588
32
618

 
7
994
	96
9  
 84
 5
6 
 	 2
 6
 03863 
 8	 
	98588 
00
88

 	86
 
29
8883
	8
9988
46
9	  

294 
 2
 089 
 80	

8
91
 7
0
8989 

29184
94
629
9889
 29	   
9976
1
89 
7  		
   849 
  		1

9 
	9896	
  794	

103
8 
	 999	 

 
 48  
  	8
99 
	45
430
258  
87  
  999
  306
   9	
09
	1
21
88
   91
   6  
 46 
	5
68
 3280
0

3 
  9
 07
 6
