691 881
240 828
909	189
819 539
903888
898 196
989 829
789 967
566 901
695	945
295 529
075 324
099 895
788 183
030	699
994 983
939 638
789 529
846998
385 290
792 828
699	988
688	063
812 878
730 849
089
889
594 838
898	894
806	881
788390
029812
071 908
390899
687584
178 561
376 339
689819
803	909
919998
291 987
388 190
795378
846 446
999239
528 903
898768
888
822
289 119
118
798
539 569
883 890
989 887
072	839
899438
696988
819 160
083 968
239 298
999 802
769 509
938468
418 708
492 709
328 983
948 988
599 158
429 886
369
980
289	990
979 028
878 720
945 948
917903
678793
688 495
285 908
698	888
285039
991 247
884399
856 480
978 353
088 994
890 891
893	119
339 068
998 838
489 939
583 989
979077
583 890
983 998
897814
893 433
999 644
796 112
988 919
892 909
938972
789 335
688094
089 888
886 598
950876
480 638
088 640
880 099
838
209
120 126
192 838
350881
288 685
839 854
268 928
491936
233 389
659 110
248264
809
967
905 987
080	099
281 655
928869
883 989
797 789
636 846
338	394
255
033
776898
185
372
928 582
289 892
588 931
189906
079 138
695 298
179688
794	586
588809
358	249
978498
649985
928399
791859
192878
882 363
894 999
888367
899 789
801897
485 828
256 859
188 888
168 791
539 118
706 509
318085
908 928
819 397
369	001
111
781
878837
486999
998792
538694
406 778
484898
508 895
189999
837 857
997198
998844
998309
081 989
692 909
602997
784473
699 598
995089
397 948
428894
098908
941918
179 426
845	628
999
991
868	898
238 608
996 823
791 879
688879
877 378
990 799
922911
898 175
479 080
869 941
277	895
456 990
409327
939889
798 839
999098
597 982
898551
864958
298 989
808 699
588192
823 043
989
472
556	817
886 892
288	684
981 890
998
043
843 388
791 828
896 051
092939
848 988
947349
890292
699888
829 929
972 884
792 848
498 908
898	919
687988
588 852
313
285
997394
624882
984
598
899	298
989	853
188	345
988 982
384898
909840
089685
955218
898 295
791	789
097	934
888 001
939 088
170857
598 881
398 688
078
068
297 811
814 389
989 849
728 948
966 994
658	164
859915
883308
798924
998691
489 790
542399
084 289
389	693
899 532
809	885
711958
659 899
388 388
839922
990869
988 993
779099
924 999
228896
536961
499 988
299 285
985898
998	492
388 929
799 809
289
968
248	900
388898
669 007
770 129
168 898
998 087
838 887
845 061
812069
980 061
289 169
899 880
795 008
991 970
873199
989 082
588 895
890998
290 099
925 864
384733
508 611
197 888
849	818
938	928
583	398
588 785
486 588
199	893
896928
139 498
937 887
699	581
389
508
993 897
835459
820 849
831
737
986 529
289 859
349 889
899 180
698880
548 915
997 724
083 819
496	296
929888
896595
980 118
698895
939 888
908679
778923
788 141
688 858
491 980
998 386
989 548
967 822
820 382
670	899
384	009
869002
898 816
268 994
889 578
995
969
000 981
890	888
190	898
991709
976 958
979 922
483 099
979802
887 718
099 294
562	871
989 997
980972
914488
095	977
012 917
998 859
808901
588459
898 847
230851
878	913
818639
189 818
889 989
348 868
903
197
896 759
886 288
859 904
648 759
