95
9
9088
948
88
0
4
3
19
04
8
97
783
089498
98
37
2
26
5
8018
9604
1917
48
50
91
958
89
6
56
1
8699
57
833
869
08
968
812
96
71
657
0992
1498
38
49
87
498387
7
918
65399
889
830
158
33
46
00
814
92
29
860
098
93
81
4903
688
8449
369584
88991
40
39
98025
17
99
5873
959993
931
992
859
89192
02
788
79
469
950
585
98981
82
53
94
569
18
8757
0327
885
78
597
492
898
15
805
993388859835
896
6928
28
4599
7124
09
0926
381389
58
38888
699
69
47
5899
0889
629
8799
1895
03
93989
83
42
089
44
042
34
8888689582
851942
299
89834
84
192
7526
969
906
79989
64
1161
1096
85
24
3329
0703
0923
98096
8719
13
706
59
498
239
388
45
944
9887979
980
68755
996
3739
234949109
6081
8908
89839836
9028
987
668
75
897973
38891
562
31
8909
995
385
873996
687
9148
3818
884
062
099
846
80
893
308
41
8899
8985
0649
51
907
959
581
01
23
128
8188
3802
892166
16
198
8883155
771
638
8888
2292989
1104
938
36
225
970
86482
98693
5899813
68258
499
79630789
280
86
199
24669
567
9189
949
8091
10
7134837
983
62
728
8998
54889
529
0803
91898
54
68
316
9698895
847
582
84888
8878
065
305
995378
60998
8292
769088
0778809
398
80866
3658
295583288
825
999
6949589
5994
46004
89862
863
155
05898
6888199
799
886
286
029
28599
900
1243
22
090880
8009
72
52
83959
09963
9992
838
9811
89988
67
99849
898888
188
194
828
914
9999
286654
1932
14
9350
986
273
899
90
120602
194989
10397
8683
9890
21
05
308460
76899
79863
60
865
887
857
881
8691
789
8333295
2858
798
094
2688
209
994
989
5998
9781
4768
7009
5758332
3030
908
039
5460
098808
9919
279
1195
84798
9998
186898
2099
9566709
6025
462
998
631
43
3913
289
1988
589
004
868836
123
99840
988
27274
698608
937
868
0883
964604
7924
1048
8912
9857
99196
8159
884909
8489
7596987372
879
8796
7927149
758
01923
7939
0537
1289
8983
8348
8999976
544
8567
721
