29
81
8
68
9
264
88
858
2
49897
6
3
490
5
898
83
85
447826083
1
09
9826
7
79
12
987
709
63
64
8800
69
01
4
94
88499
639
98
3370
92
488
88866
988
8879
49
9945
642
89
37
197
749
60
68295
160
8973
728
9909
91
99
0
45259827
959
2865
84
4809589
87
910
59
19
3939
832
7996
90
698
109
984
58
04
03
42
82
5388199
59549
08
96
9894904
69818
401
8968
366
056
41
89677
950
3726
20
409
93
043
809
24898
997
3948
588
02
379
889
61
07
528870
9827948
9818
881
2885
038
86
899
50
8508
969
70
468121295
099
18
21
9178108
993
39
974
3087
32
381
97
895
308
72
68203
021207
73
885
475
1189
199
970
828314
018
69858
89198
1758830
8004
590
884881881459
980
6886
77
71
5564
8892
2809
587
63499
24
819
05
47
3836
75
3534
28089
498279
9699
80
5996
49978
7999
8296
5599
2892
9944
26
66
978
9923
16
36
2898
8885
9089
10
581
949
31
810988
19587
78124839
8828
989
9489
8867
520
693
0909
9682
6699
9946
61688
918655
193
076
441
15
897
337
124
59999992098297
436
28
6988
990
35
6597
82968
55
44
960
98089
33
48899
880
925
30
37068
998
39760
8495
17
132
8850
7829
948
589
162
88735
680
914
976
1098
38
789949
2998
0928488
248
95
27
2935
399
8398
826
968
295
30913
782
9908
358989
05093
48
818
92899
9933789
4919
8809
9984
748
78
8992
395
358528
078
59978
856
99090799
609
8339
951592
15883
54093
9606
6539
57897
9991
890
886
97214136986
9998
803
8888
99996
8895
903
79888
08994
848
178
43
1481
1984
8338
9888
8798
28689
216
097088
76
91890
543
7783342
079
999
688
011
40199
508448933
288
840
88894
89219
838
8995508
29819
9929
983
325
06
089
019
235
462
176
188
25
8838
88686
938
4249
9706
519
99998
7986
9616
04685
98880
985938
56
710
5178
3896
93889
22
182
54
068
200
89966
85938899
40
8286
8858
23
198209
829
455
9969
8878
9603
51
612
039
62
477899
88889
5499
1896
8568
805882346
888
98818
