9-4679
408
+35:99
89 	+89:39
2 -7889
0+8058
03 -99:98
9 +38:53
0	 -72:83
286 +5522
8	+4949
5+8089
8 -09:99
68 -19:89
8	+88:30
0-1998
182  -98:11
1 -64:39
6888 +88:57
9 -81:90
8  +88:78
7 -87:53
982 +0598
3	+9989
9 +87:49
7	+1343
8+59:86
8 +69:68
9-3889
8 +94:88
8   -1310
8+88:70
68 	 -39:83
83
 	-95:19
8+79:99
9 	+88:16
519 
-01:70
4	 	-68:89
8 -9984
9 
 -18:00
1276			 +25:80
64  +98:91
36 +8769
9 +9887
9 -5969
8 +6888
78-6896
9	+99:58
7	+8195
6+99:69
98
-51:60
88-0588
28  +06:87
8 -1619
9   -98:85
87 
-50:98
5	-3982
5
 	 +8898
3494481
	+8738
9 +9988
28  -8799
989 +1993
98	+69:95
796	-19:99
9+8477
982 +9999
4+98:87
3 -8869
927 	
+93:85
983   +9980
3669 +2698
0 -0999
1  	-5988
3	  +93:69
0
+89:18
8-13:97
7  +9252
8 -99:18
8 +1758
93  +8718
9 
-1480
988 -89:29
7 +49:98
68+8984
3682+77:85
997-98:39
341	-9992
4742897  -9984
0 +9778
73  -1558
0+4172
8	-8700
6
 -50:38
1 
-2958
810+8462
1 	 	-39:19
11	+7183
198889+6972
9  -98:13
7   -28:58
9 -29:99
9 +97:06
1-4781
5	+3802
880  +1437
9  -8949
2+87:98
8 -8216
5  -98:48
9-9576
8-88:58
980 -9919
4+1895
0 -6899
90 -99:29
7 +9983
8-19:30
997
-9997
3 -7911
69 +99:83
72 -10:24
855+33:89
63
+9796
126		-68:33
9	 +6688
8+69:58
479 -7846
69-1918
8-99:68
826	 +36:55
8898 -8878
995 +4130
96 -94:88
8  +8099
99+97:59
526
 -49:79
2	+68:39
82  -0351
097
 	 -98:97
05 -68:62
8 		-8980
09996  +1846
9 -99:89
08  +93:98
9 -7987
8		-8918
7 -6956
8
-89:39
898548096 +9977
0+9395
307 	  +90:70
919 -07:96
9349	-8295
08+82:81
96331    -85:08
7
-5688
89  -87:93
508989915+64:88
9   	 -52:29
9 +3183
54 	-8539
8989-91:91
845 -60:07
49 -5278
2
 	 +9548
8-2939
988-42:70
8 +7598
269 	 +48:81
833	+0883
1	+4849
1 +08:81
7	+7876
1	+84:17
83884   +89:89
9696  +09:65
84
 -06:28
649	 -88:95
27+5599
8-5909
3  +4185
8+18:99
096 -98:19
97  +6906
198	+8177
82-96:81
799 -4499
2089903 -88:91
1 -3523
3+89:12
898		+38:24
38
+1947
2	+49:99
5   +8905
1 -16:28
4
+0436
0 	-39:99
8988 -65:74
9 -1413
8 -2989
883 -2594
9	 +8788
9 +3897
28  -83:97
8   -9103
391 +99:49
0
  +5433
684 -3875
4  	 	-9898
02  -5279
8	 -89:00
9 -7888
185988889 
  -9599
8	-8498
92 -58:87
09  
+6981
99	-6952
89 +8099
9
-84:89
05 +2889
9  -17:09
4
-9835
58	 +6828
8
-68:29
90	  +95:91
421  
+81:80
6	  -34:49
64 
-8389
1+83:59
8	
+8893
4-88:98
95504  -1694
8 -9131
97	+87:79
5 +75:29
584 -4898
7+0744
9	-88:43
887-41:19
01 -8902
9  -2904
1	     -9789
49 -91:36
889 -8891
9  -0848
89	+69:28
3-62:07
0	 	-6893
5+3595
8993 -40:00
84918859	 +6999
388 -84:78
81	-98:59
6
+43:81
8 	+81:82
79+8295
02	-81:98
2  -59:29
2
+08:66
498454 -8809
806 -69:86
9 -8749
8+02:77
1993009 +91:89
8818 +8891
12836339 -9950
9 -14:89
8 
		 +95:89
8946 +37:38
4-9989
5+8766
2+49:86
9 +2804
4899213 
-6468
889-3740
963828 -6387
614 +9748
97
-3985
59	+88:24
172+8245
28 	  +3199
9938  		-89:98
8377  -89:68
9488986743 +88:98
4+58:60
7 +09:80
61 	 +79:78
89 +89:48
71		+8635
48 -41:53
9 -3889
974-9052
89 +8470
0 +00:78
499	-1631
41 -9899
9899  	 +1988
88
-91:99
0  -99:45
945 -9282
9-96:85
1755 +88:97
8849 +3699
2	+96:72
17 	
+5898
88   
 -08:68
3 		+99:82
1
+8220
8 -36:18
99	+9198
9-94:69
8 	 
+89:63
39	 -8230
4
+3928
98	-88:99
7	+96:04
8
 	 +38:70
943-9393
20	
-8883
6	 +88:70
8   +5868
8	+5938
2 +77:18
3 +88:86
19-9724
9-9519
2 
-8898
97 -88:66
51738	-98:93
930	   -3163
3 -39:91
99-7778
85 		
 	+42:95
84   +6009
8   	 +3882
4 +9896
9 +88:13
5466

-89:94
6   -8898
4  +42:49
6 -19:98
8960 +90:49
5     +9840
84
  +1939
84  -8918
0 -4483
49 +35:48
888-8820
7   +90:27
999  -98:97
9 +8510
79-0984
73 	+89:48
9 -39:27
345	 -88:85
780	  +16:73
6 +9895
8 +14:08
8+6718
08	+72:89
9 +8982
48992 +7858
9  
-88:80
8   -2898
8   -25:99
48	+13:97
6 -83:09
8		 +0999
91-79:98
1-3392
8+64:09
87 -88:56
9 -3975
0 		-89:60
2
+68:85
619 +5858
6881  -9992
9+91:59
89 +51:65
1	 -31:38
8 -85:89
3 +9889
18  
 -23:68
9  +0880
9 	 -88:18
