+3
+678
+88
+99
+78848
+++
+++++
+8
+8481
+14
+18
+39897
++++
+19
+1058
+681
+48
+242
+94
+78
+898
+7
+99889
+98
+67
+93
+82
+10
+33983
+6
+9493
+57
+399
+9
+70
++++++
+97
+15
+1879
+598
+483
+783049
+838
+981386
+4797
+54
+99879
+92
+89
+8990
+8789
+49
+988
+76
+98943379
+964
+5
+789
+++++++
+886
+998
+38
+84
+488
+50
+2434
+86
+928
+13
+5573
+75
+983
+7888
+64
+83
+490
+8495
+++++++++
+59
+338
+949846
+894
+46
+3959
+12
+816
+591
+8588
+859
+4
+999
+888
+49836
+899
+94499
+6989939
+994
+96
+80
+388
+9698
+43
+6869583
+958
+8989
+81
+73892
+799
+8826
+2622
+89610
+8663
+5827719
+45
+65
+33
+3899
+688
++++++++
+992981
+95
+85
+9359
+383
+588
+258919
+6217
+933
+393
+29
+39
+838398
+398
+8381
+79
+555789
+9986
+749383
+68
+858
+347
+8833
+47
+98819
+69
+795
+582
+28
+55
+21
+99837876
+739
+976
+6936
+89587
+3898
+499
+579
+180
+91
+164
+849
+189
+757
+8349
+959
+58
+16
+3058
+3989
+412
+519
+368
+8994
+4429
+558
+807
+37
+167629
+998770
+439
+9988
+98898
+181289
+935658
+1588979514
+5934
+98498
+947
+84269
+239
+792
+8633
+786
+197591
+9689
+178
+9863939
+973
+9810888
+1188267
+857
+87
+233
+8575
+843698
+9169
+7489
+828
+489
+99894
+8589
+8343
+9958
+4984
+381
+939
+86843
+74
+63
+755
+3993
+99599
+41
+90
+88318
+77
+3693
+7399
+9658
+89999
+5898996
+955
+16089
+933989
+299
+36738898582
+9971
+997
+188
+863393
+6939
+36
+7881
+238
+889
+638
+73
+8888
+695
+14149
+363
+845
+4643
+818
+2037
+89986
+7096
+980
+44
+88871
+840
+487
+9965
+98988
++++++++++++
+598178
+8294
+979696
+404
+9498
+2809
+887889
+19888
+9798933
+887
+83983
+61
+102
+198
+329
+53998
+497
+898840
+768
+381269
+9848
+9414
+53
+17139
+907
+956
+39889
+419
+533
+709
+8807
+930
+348664
+98138
+797
+387
+22
+937963
+98798
+3588896
+700
+948339
+8498
+3689
+6838
+86272
+51
+25
+494
+8795
+11
+63387
+95758
+8838998
+9988359
+98984
+105
+9994
+937398393
+93383
+824939
+593
+218
+530
+48479
+5875
+6594335
+7979
+99208
+99999
+69969
+708
+109
+60
+989290496
+883999
+805
+7153
+934
+8329
+987
+498
+679633
+8531
+79998
+36896
+1260
+98394648
+6985
+24
+993
+891
+985
+833
+23
+99806
+3983
+39933
+3935
+9869991211
+88583
+32
+831
+8898
+5891
+6833
+949
+166
+160474
+6593
+99280
+182
+965
+190
+78399378
+1993
+79895
+489997
