-7
-182
-89
----
-688
-----
---
-5988
------
-128
-88
-9
-8999
-2012
-9997
-3
-946339798
-418
-989628
-896
-38812
-997949
-39
-45658
-652
-450
-8
-83349
-58
-78
-887
-87
-34
-28
-65
-140
-8589
-79
-8548
-80
-98
-------
-9799
-986
-99
-939
-395
-59
-9869
-94
-809
-83
-68
-6
-974
-978
-901
-229
-69
-9939
-677
-84886
-8534
-1698
-38
-44
-9889
-5
-8933
-9345
-977
-37
-8859
-18
-8968
--------
-1883
-5878
-8993989
-888
-8628
-938
-190698
-95
-3848
-29
-988
-84
-93
-928
-86
-8828
-389
-238
-889
-40
-3299
-979
-48
-191912
-97862
-944
-699
-8995
-4428
-85
-22
-892
-3843
-98048
-599698
----------
-7885
-459
-598348
-878830
---------
-19
-82288
-96
-79952
-29818
-609
-92325
-552
-85493683
-383
-49
-364
-487
-8979989
-997
-97
-863
-10
-819
-12
-397
-957
-96398
-90
-30895
-104
-284
-88873
-73
-457
-79527
-899298
-387
-69878
-25
-9383
-66
-886
-839798
-888850
-6738
-7282899
-9937
-5989
-539
-19893
-9981
-----------
-17
-8908
-597
-81859
-893
-4
-958
-91
-789
-9539
-69743
-8238
-795
-4887
-9992
-33
-899839965
-72
-55
-88883
-9596121
-8103
-899
-959914
-59939
-9919
-8993
-108
-3875
-2198
-880885
-828
-9883
-8863
-13
-62
-408621
-797883
-5993
-5808
-949
-252
-43867
-43
-589
-8844
-196
-936
-398
-87568
-489
-9949
-180
-399
-9588
-52
-807
-8786
-8397
-393
-74
-969
-8588
-413
-984
-1438
-77
-75
-8851
-8808
-8916
-81
-897
-71
-973
-494
-67
-46
-578
-99887496988
-20
-125
-89899
-9187
-41
-948
-14889
-839
-8989
-1977
-85977
-598
-83396
-98398
-37364
-18898
-9021
-915
-9488
-3584
-45489
-5514
-8549089
-8890
-8281
-989
-8488389
-985
-122
-884
-99804
-7619182
-993
-88916
-67898
-9469
-363
-74989009321
-835
-983
-647
-9339
-998
-9349
-878
-33548
-86217
-189
-588
-9892981
-8183
-3819
-9938887
-45842
-3883
-138
-848
-186
-9333
-971509
-26
-18998189
-99880
-15
-8489
-895
-880
-188188
-507
-108853
-388
-35
-3438
-82
-995
-9993
-9868
-9979
-369
-812
-3333
-4533
-358
-228
-96179
-2488
-4898
-759
-3583
-4322441349699
-739
-799
-92
-830
-36
-902
-7269
-464
-2992
-953
-6954
-898
-698
-909
-635
-60
-991381
-92699
-891
-93987
-2899
-386
-316821
-6885
-393639
-47
-59868
-338933598
-6983
-843
-8429
-57
-980
-3938
-32869
-8998882
-18947
-89948
-339
-4669
-693288
-219
-89969968
-991
-89884
-499555
-798493
-9775
-969999
