2
95
6
2239
9
891
5
928
5859
708
8
9894
92
7857
484
38
2499
943
8861
98
90
62
79
988
9686
18
1932
1
20
58
99398
880
86
59
35
328
802
89973
78
7
032
96
83870
8985
37
489
91
66
3479
56
998
862
27
8332
283
57
977
4
70
05
23
51829
0
888
896
72
490
297
904
82309
29332
2292
98375
3
858
298
329
8989
88885
98948
0329
9599488
680
499
08
999
39
89489
819199
933
889
6188838
80
9858
99
8599
88
40
586
67
89
727
760
97
568
87
69389
29
51
295
85
71
894
5178
3028
69
919
619
8028
9501
69863
968886
4989189
93
68
519
94
7398
9109
9588
838
48638
075
887
28
9859
81
498273
989978
486
68211
559
588
06
1111
868
33
948899
41
989
918
217
56998735
96838
809964
798779
389
799
937
866
89919
49810
19
9888998
49
83
898
6994
84
98843
199
698
54
91984
8574
95805
9888
759
238
7894
089
549
4080
4733
955
485
53
118
63420
51963
807
829
449
8598
6892698
937893
956
439
11398982
841
94810
16
9992298
1448
60
882
82
1839
7929
788
7990
94489158
4072
878
893
8148482
09
08228854
966744
44941
22
98929
842
9988
696
869
91685
88929
94690899
25
803
884
342799739
12
89889
18491
9362
03
995
58869
19783099
99198
99898
267
288
994
8879
628948
596
9509
5968
258
45
9999
855
819
04
858898989
778
095
2007
7906
3828
805
368011
9680
52118
5180
8784
9844
99389
959
5867
99711
826
9668385889
8819
85404
48
4798851
13861898
280
44
89839
07
370
997
993
287
7636
9429
7048
24
5992
706
8927
68875
206
8987
482
66232621
14699
09988
0897
4108
32
096
357
268
816
8889
8558
770894
598
089285
639
6383
50
9418
497
36
8842
46
289
05894
750
2651878
987
11
569892
9461
648
7092
28484
0898
3938594959
9229
20489
505
301
649
390
907
9939
818887
47899
312
8999
830
9789682
56924
8987898
90981
0890992
8809
097
785
952809
356
0599
75
0667
144
0194
900
378
801
21399
8188
1389
798
8317
338
566
43
839
945
818
980
436
815660
99984
98281980
40899
