.3[8]
.[8]
.[9]
.92797[695]
893.1[99]
90.5[0]
943.889[89943]
.67[9]
633899.11[7]
6883.9[0]
9.58[8]
.[3]
264.98[98908]
.7[50]
.0[83]
91.0[94920]
.[95]
.[4]
733.[188]
.[1]
528.[6]
.1[08]
7.9[9806]
8.635[73]
.298[15]
2.4[739]
8.[44893]
.199[17]
93.1[3492]
.[996]
.[88]
3.[8]
.0[4154]
80.[96]
.8[408]
.[7099]
.[459]
.[2]
98.[76]
.270694[0]
9.9[2]
3.[45980]
9.8[8]
89.918[5]
9.8[179]
8.[2]
.[8898]
899.[39886]
.[49190]
.810[5]
.[89897]
.9[998]
.306[8]
6.[988]
91.[48]
83.314698[1]
8.8[8]
.7918[53]
9.[49]
.[9279]
.99452994[19]
.9[28]
.[69]
.[79]
.4[8]
662.87[5]
1.[2]
.[48]
9.[9]
.0[1]
.12[8]
5969.3[19]
.96[989]
8.[8]
.9[68]
428.9[8]
0.99[39]
.[98]
.0504[2]
09.92[8]
4.0[8]
.[89]
.[498]
.688[9]
9.[3]
949997.[8]
.9[4]
90.02[9]
.9[715]
.71[6]
8.97[5269]
28.0939[8]
.8[0]
26.998[8]
26.[8]
1.8[68]
.4898462[7]
.18[0]
.885268189[9]
99.5[8899]
93.5[9]
.[03]
89.[8]
1963820.[9]
.82099568[8]
899.[48]
.[16]
.[998]
.28[5]
.1[859]
87.[8]
.[5]
88.[46]
8.986[5]
.41[84]
.009[94]
3180.[859]
.59[0]
1.[9]
9.49[38728]
9.9[4]
83.5[3]
97.8[48]
.9[9]
1.2[52828]
9.5[9]
7.[99848]
0.[84]
.[558]
3.9[17906]
3.2[7]
.[83]
9.[8]
2998.2881[88]
.8[4551]
.[6]
9.[0]
.2[3]
79.8[8]
.[9271]
.6[44]
.[627]
.799[859]
.[15]
.1899[8]
9.898[019]
7.[459]
82.5[13]
.823[8]
99.[9]
.960[5]
.4092[48999]
48.[59]
6.21[57]
.98[0]
26.1[0]
7.1[599983]
829.82[92]
.[38]
1.[883]
.9[8]
.[9999]
85.9[99]
.88[994]
.8[8]
.43[99]
4.9976[5]
.9[09]
.98[80]
.869[59]
.[70]
99.9[934]
893898.[87]
51.9[9]
1.[8]
.4083[4]
.583[0]
68.67[87]
49.[5]
.2[9]
.[827885]
2.[48]
9.[999]
6969.[9]
3.89[94]
.[94]
8.4[58]
9.[85]
9.95[8]
.8[9]
5.87298[9]
.[25832]
8.[09]
7.0[8]
849.[58]
.8[79]
.02[1]
6.[824]
94.964[89]
.78[6]
8.[9375]
.[809]
844.[97]
.[18]
8.84[9]
8.[5]
058.[787]
.[85]
58.4[995]
4.[88]
.08[970]
.9[5]
.989[9]
.[49]
.9[6593988]
.[774]
.[8258]
.4[0950]
1.[3]
.908[7]
43.[9]
6.1[3]
94.[9]
8.4[0]
.9[722]
7.[2]
899.926[0]
936.[0]
6.[948]
9.8[927189]
650.9829[9]
8.[88]
9.83[2]
.[390]
9.6[19]
.[7]
.8[60]
77.84[17]
23.[20]
9.[97]
.[2158]
.8890[1]
923.[96]
89.[84]
289.8[417]
.64[11]
.1[429888]
.[76]
1.251392[99]
098.[1]
.8787[3]
.[2985]
88.8[89]
5.28889[5]
27893.0[8]
8.8[96]
8.7[0]
68.9999[18888]
768.[99090]
4998.7[96]
0.3[1]
.942[895]
.[989]
.98[9]
6.2[9]
.[0]
.[984]
8920.[9]
8.[9859]
34.[6614]
.[06429]
6.[5]
87.9[1]
89588.5[1]
.[09]
9.0[7]
.89988[08]
9.054998[8]
.97[97]
.6[48829]
.6[09]
391.[96]
78.[1]
9.978220[788]
.18[91]
90892979.[67]
.7[86]
5.[8]
5.129[8]
.98[8]
.09[86]
489.[70]
2.6[8]
.[806]
8.99[893]
25.2[98]
.43[39]
.[9782881]
.9[98]
3.989[1]
.8[965]
129399.[9]
59.29[882]
9.[5]
.[867]
.86[1]
.8[6]
89.22198[98]
.9[89999]
.7[8]
.4[51]
3.[698]
.[927]
.1[41]
9.[72]
9.[4]
914.81[9]
4.9443[0049]
6.[0]
.1[5]
7.9[0]
4.38[0]
229.[96]
.[87]
48981.949[7]
8.[088]
26.128[9]
19.9[990]
.4[9]
.388201384[0]
88.[197]
9188924827193.[96]
5.[08]
7.[88]
619.[0]
.5[1]
.[92]
.[9735]
99.9[119]
911.9[7]
6748.[852]
9.44[97]
8.79[80199]
81.[211259]
80.[19]
6.9[9]
.[62]
459.8881[2]
391.[489]
89.[9]
.6[3]
6.[8]
1.[87]
68.[7]
969.9843[9]
83.[9]
.15[988]
69098.[4]
.[548]
.8[99]
3.9[32]
59.[877]
84.[8]
6892.[8]
.09670[4]
38.24[4]
.25[008]
.889[8]
4.[9]
.0[43]
5.[9]
.13[23]
2.8[98]
0.[96]
.348[8]
8858.[06]
2.[3086]
.[90]
9.[65]
.7197[634]
98.[8]
92.[8]
.9[3]
4151.8[1]
