19635250598
91537802793
02819499889
56388998988
88980155612
41463840981
58222298978
87149868878
88936980992
91859129699
38730431821
48484999005
09981449989
35889018999
31063989868
88614993822
82141898236
99968308160
97962460799
64962261588
19904882688
18068989948
90866789358
88185741790
59929340988
98999699215
97993695999
23999950967
04792528088
98888988495
99991988721
96814789271
84925309999
84999984885
89895980908
98389659897
28891982449
98802219848
89099085738
29999748842
76459897899
78881586339
95925349932
79786956514
98856825095
23099569889
69685684788
96479967145
58691468784
88999409351
88693839929
83988080891
05946392993
78382516964
81880567912
99189893868
90999998959
89859090607
89548625834
99889159391
08719599930
98489125980
99599249488
58389992488
84811599878
62983938988
28229827288
84894391768
31911316358
98444799992
21350989999
59906888871
38982085188
09729209878
88718749988
06768427134
91647258929
85998773491
98998823357
19838838085
81883908859
79498682629
18235688869
99399841713
90965865998
86225887708
97567756828
19885359941
59000098981
35891083898
94389664979
97799499086
86482588012
20191589959
91969678132
98845099388
99800738870
59459987887
89567589198
82185997499
89816195297
19786899035
83186783698
69928898549
89963969998
56099988993
95481749998
98119499880
64507263198
38959982860
89881972934
98368978893
58917812330
46909929949
20698939843
84969807999
82293639216
49882962969
94288991333
21999986883
98899184599
96973298810
99888984048
57943910779
78851969198
99182196468
37698197508
97983041891
85493776588
99244139488
17469111659
84855495888
52999158588
95098954888
84469984898
95180897885
96195888829
88745998800
49897799099
89989664298
98299297787
98189392889
98856728638
22968838010
96389898357
13780909994
89588318479
91892898979
69188949988
91788568904
89999538740
89694894916
88388991588
81878897110
84830487812
88629708858
88779268398
97983680869
67796988298
29899269881
89359288808
68014199934
89814299890
79996528132
92995936173
48860550991
63986928959
69969817889
99696302930
88326799862
98297288795
67896986927
89085392820
69924293485
92705908924
98408896899
12896897290
19752900888
63409884690
89862945980
49744903593
97608590808
34894192698
76066828291
89599778895
75490997899
33992898981
45988981183
19995388299
09028314122
66098899782
07550397811
59008467574
46943549867
93909875983
29929569679
58883495069
99099988289
73789884898
98887983888
68922005458
87899953929
99890909880
95884639138
89561889578
54817299839
48258429886
89144389129
99283592698
68852924349
90119510786
88995338988
27838686999
25995795953
40491297789
95709989272
80897489989
42449220061
68968981999
38989184838
08458969988
42119393935
29082958142
87898029193
96498828898
73841351888
48899955999
69972959291
62983978986
99896888579
80949988291
89511995906
88399946998
19549204859
88807279291
88208038763
38249968457
92611988577
92821299879
89938925589
59993654945
03789902884
88997199938
37788308739
80115871789
43789987459
68689299976
99961528890
28499005589
18013899980
86089726897
89513829899
25421390189
85891799429
08293986089
99798985289
96833895967
82880852922
84486999799
37899906787
99348629689
99999805824
99893892890
89990699094
86793958508
88179894386
47803398985
48989743398
88334980829
88897309999
65999870946
93012719479
06227480574
08748527983
89893989986
86118318599
57914209698
90427359884
41288840818
79749957890
09129883907
58099099829
89719818894
43099996132
87269949909
48832866117
07298999820
89909845979
88440989895
82297967838
91984989898
91814484663
88968802909
52800809790
99393980315
98888108988
99888308203
17929950797
28366258655
86988901693
90988392692
88500283976
43971547859
68388398897
29889219361
99749562988
90887965637
89909882209
91889769562
06682948229
86773487829
90888948239
87964884889
80951027797
98858898832
15555983089
90463959514
79447297898
98099880189
10368934900
09998998088
88099838508
96838130940
47986518008
58989819295
18899187989
16568194985
83923658898
93908854949
39662962219
06448449584
81288189249
88781199492
93988888997
91413018059
93044268683
14744869948
78308869894
38538159089
19993882892
97440997979
98060808888
63289994310
83984159899
88999990528
99709888022
98527882686
49888779949
75188388858
18963289824
88260899984
69089888280
99928877289
96673659198
99999376282
18891489239
43982398031
63469899456
58857935638
85289154156
49980894998
93988128849
80957029118
48488955286
99029832888
99480996214
80298923109
29682993682
99940768948
69832322285
86751288325
06019089505
97986812948
88988499939
98689505349
05988883989
80920997999
54884288159
39999816087
60017937651
29898844965
68899382169
97369992289
68289982373
