001.2
48.8
9.3
6
83.8
2
8
9
4.9.7
3
8.3
81
898.1
008945.8
9569968
68910.8
5
29
335.9
840
899.0
90.189
1
8.3.1.9
9399
74
0
40
63
8.8
9019
89
5.0
4
79
89808.7
9.8
6891829
980.8
3.6
88.1
4.78
869.49
98.8
8.9
7
5.889
99
69
28.5
62818
818.1
9888
392.8
8.9.3
92
104
8.4
97291988189.9
381.9
991
7290
8.1
9.0
63.9
832.59
9809.7
9.9.4
88
8724.3.08.3
00838.8
584.9
26.7.4
1.7
8.93
04.59
9.5
9.08
974
889
8.4.9
5288.7
98259.9
38189.17
1899899.1.4
45.6.96
18
8.3.0
78.8.9
0.89.9
894.9
894.969
904
64
2928.89
6.0
5.1
3.3
0118.4
540.8
812.94
80.8
9.3.27.4
0.8
99116.4
98999
5938
5.23.4988
82
7.44
4.85
191
8.19
0.4
85
6452
98
0.781
8999
18.6.43
6.0.2
8.909
798.1
5.4
52
5087.5
26.8
21
9.9
8.6
8898
78148.8
3922.7
7.9
390
985.683
66
18915.8
72.7
788262317.7
9529.072
85.9.2
92.78
4.6.4
99817
91985.8
7.24
6139
3.569
8.28
2.4.87
07.9
1.8
36
9.281.8
6.71
87.198.8
79.9
7.0.5
86.7
152
4.9
4.4
999
88.6428.8
8.9.5
86.8
67
67984
299.8
19.994
931.3.99.08
67.2
661
984
841.53
7.889
498.4808
997889.6
419.1.9
4.16
81.8
14.4
84.98
7.88
24
3.69
3.2
689839.4
599
5.8
9.95
83.9
589.7
867.4
66.6
9.7
89078.8
43
993
6.85.83.310
6.9
8.9.64.1
02.948.5
8.92
45090.69
56.4
8.5
90
94.6
9898
237
35
5833
7.4.8
883464.2
02.36
738918.1
86
99.7
8.8.8
99.968.8
297.77
00884319
391.7
31891
918
6.90
076.23
979
329
084.19
8.90.9.3
58
73
983
89.8
8395
9.94
6999
7.89
7.538.9
6.8
459.3
68884.98
9.8.3
190663
987
998
6.2
772
08.8
807.4
77
99779.8.68
828.1
8.480
6.9.5
8.0
2.9
9.2.7
63934.9
243.8
8195.5
480
7.8
1898.9.8.8
53.8
90.0
1.8.559
78
9889
9.6
890.9.8
53891.90.9
96.6
919987
58.9978
09.2.8
7519.1
9533.6
896
8580
8.9.0
29.0
510
8.2
22.382
93.9
91
9.4.4.93
19.8
9699
5.3
688
0.9
1.8.890.8.12
7.8.6
98.78.8
7.967.98186
16900
93.9.9
0788
4.0
929.72
98989.8
808
24.9
08
01.2
76
85.89.87
37
8.89
081.1
39596
796
8.7
9.0.7
7.84
592299
54.194.8
897981319
1.9
94
48999
2.8
8885993.49
1469
059
84
4.8.5
9.9.1.8
33.71
0547.5.43912
946
7.18
8.11
065988.9
5.9
16
3.1
3187398
965
26
25.74
1.1
208
9648
9329
815699
9.4
58.7
5.99
89.43
8872184.2
0.95.6
8289.83
59
638.4
98.9.8.6
82021.8
50.85
035
42088
911899758.9
985.7.8
85.7
49.9
98.9
3985.8639
0.6
8987
99.158.3
95
28
62.8
86527.89
3.8
947293
903
810
031.9.9
99028881
