78239
19208
89078
69347
77823
12682
48785
89322
45990
38122
93247
82099
80676
58199
88008
89378
78059
82089
16807
97549
48990
94809
82898
99899
38888
25149
11059
38876
98807
69518
84289
38859
99885
89908
12480
11495
98969
61998
98894
84889
18932
99879
21579
87391
91952
86174
89782
98179
85916
98899
82554
49781
98889
14659
57805
38188
66378
86849
67699
36023
11807
39089
16589
58088
42939
99598
89859
68789
99098
39878
89483
99138
91981
95098
99886
70657
81497
39494
98362
95683
92490
88385
99509
13668
96399
98891
28814
69988
18239
92989
98591
89494
31783
85679
79088
53093
89318
81905
88623
96569
98918
88279
94969
44292
79219
97049
59086
91698
89069
14534
28858
98588
89232
47685
69899
89812
15934
94196
88942
88296
18318
19088
38989
49869
85938
18965
28529
37182
87991
78525
81808
29090
81483
99274
55968
22405
97494
59953
87979
93988
49370
35682
98849
69685
33884
11911
13191
85855
81230
95684
85915
88784
12319
16952
98392
19820
91499
15758
89387
59627
18896
83851
50980
99494
32828
66991
97222
93828
18792
82189
88932
59992
31468
88078
12599
87890
59623
81807
25999
14689
79783
88950
91199
18188
93598
39590
91988
95505
89994
84760
86399
22897
19599
38791
75288
79881
80994
83868
67848
78399
12783
88878
86908
48592
39888
89886
28988
83803
29815
98809
86309
68309
94861
22938
77883
96882
86896
97964
21576
82818
86898
84328
88888
96898
96939
48492
98999
48468
37993
84739
98977
18884
43180
99894
73982
10491
99536
99681
48178
49371
98184
39738
44579
89188
28901
88580
89983
89982
92737
78698
98898
71593
89949
19499
89598
58099
69660
58897
21823
18888
89801
21922
16854
81098
59819
98840
99389
92323
29454
19582
92393
16159
15982
87118
81948
99923
66719
97208
95193
46819
70756
79858
93909
19968
59898
59789
25380
87301
98254
25889
20192
19125
92178
96984
55947
81635
32881
88699
18999
85863
18919
48482
99881
89692
83788
13863
89905
77184
95418
38835
57712
18595
19999
19329
38909
85999
81387
96888
53739
57916
86904
13897
49898
65953
92252
48998
88899
38969
31948
98985
91798
88489
84892
59829
52297
80808
88609
28198
12002
86219
34829
88993
41187
99891
89798
98878
13939
99888
83888
99398
79983
76036
99848
84999
40599
89864
16780
92943
75196
99100
99682
76809
81084
97860
53944
60566
84899
93868
19883
11077
88514
80909
93599
10896
87383
89967
86819
91889
81929
80828
94996
73559
97686
49908
