6149648932
8980859528
2885496232
9109899792
8989162507
3979929681
9894729881
8998067457
2889867043
8598991099
7984198948
1780978498
2915969680
8957883967
9899189845
8870972999
9363883886
8956996398
4549798896
4239099112
9887198318
9949819739
8958889333
8049175005
6978878966
8498899992
9889028999
8989919784
3999808957
9990391549
0801616284
2889998388
8284844583
9990586898
9889139938
8881858398
9942958918
8978977828
1485839948
9988982898
8548876818
8923689539
8929764158
9599948758
8148843750
8789888999
4253989646
8989601998
9998950899
4898893999
9598904709
9880903899
1066187809
5987315829
4239397878
8409880878
8609426899
9280999679
3515384856
8978328356
8495968979
8829086082
5978099389
9765008920
9782212885
9086285652
9992939999
8899728748
9940468578
9408498988
5198988980
4149889839
7897288478
9894303812
9989559903
8989829289
2183391898
8948978568
9700984083
8884409775
9159169944
5908998719
5773293740
9688849181
8944580599
8068498388
9809799575
2819349438
8433818018
8899781818
6808985988
0828856886
8584288891
9975859894
8880956785
9951192748
5248799889
4798704192
6988789898
8493282498
8801488692
5953980986
9489099896
8910583299
1994719965
8069568719
6808046799
9998319918
8868480816
9098498389
8891097719
5441546487
8968088498
0039848978
3888888929
1296989579
9488998973
9898897951
8966293812
9879684995
8086099927
8819809219
9890548847
9198668690
9895924809
9235887898
8889889929
4938155892
7893888563
5183059808
0008095799
0988978999
5613968353
3389973989
8669804888
4088928880
1196749625
7577998348
8694989915
6858592299
4132812572
2496976325
9837812889
4078597316
4616691782
3295795183
2980308838
2957090213
5882751925
4028839667
1898948919
0855979670
3928589519
2069994999
9799798989
9489985577
3919988890
9850689998
6979912949
9809602983
5987681611
4488998349
9610595828
0918902889
9608859889
3895899143
3295898798
1809884269
8988844688
9090798899
0998912567
6895263799
9205594016
7852979399
1299218290
5339989929
9999384998
4899013787
3878452314
9759887048
3888244891
6880919854
3996585848
7819870880
9402323982
9929198989
8094824998
6823993198
6786179148
0989279677
8869845009
9881669838
9880082899
2380578808
9500818678
0999158696
3318298989
3887988821
8277959619
8839823964
7384888194
3356635896
8649835869
9282397998
8499969373
0994848847
9831990528
9993591833
8900098991
7783989079
1070981898
9985294342
7189819184
6088538859
8491199941
9994692362
3489988989
7829489599
6706913997
8596988988
4208299663
3689983586
6498395213
8919292089
2877989929
7888927695
8498908429
8999989865
8869992899
9901182889
8881874844
8899198506
9886928958
7894128662
0807995888
8844698520
4609988833
1708813192
8349899989
9148998688
9489216799
2718396427
6919875089
8859868992
8910991808
4899122490
4867088958
1179892047
0712197888
8879944912
3081982388
1048290399
8888949390
8805949646
2996858888
8888795819
3393930659
1920698008
5980794816
5605817588
5489374986
6988399979
4938818907
6506503893
7874837029
4955018799
8582185993
8438195892
2982698388
6478899048
8699699877
6798839052
9888135858
7986824397
4798049896
8999299384
2966228619
9809769899
8990789698
8971598887
8969738139
6699894508
0380968165
1548192975
8099885339
0196148298
8988891321
5837876810
8707189886
3890926799
1889861987
8106988388
9454928588
6969728998
9874828857
5687984092
6198746782
0565988994
8388994028
0549859850
5769805899
9699390092
9838895691
9787499169
9951918626
0092188943
6459593809
4319993910
8418286924
8454898643
4969849898
1798989891
2803588099
7878389896
8583899890
1899818889
8148299087
1515987348
8578981854
5386086998
8589888389
8929200898
8582298993
8841892868
8899887880
8834889109
3967895625
0809338999
1388889497
9353842808
6398988378
8219882646
7818316890
8909960929
7297890793
9080010580
9978670990
3338989868
8393181689
4599971389
6899086900
0418849399
7283943884
9884973076
8970928915
0596431263
7243989949
7974407878
0829799398
8918998489
6598975384
0479747394
8090512988
8869868898
8999825529
5087998904
1944899985
0887241593
6599897928
0827252998
2682920999
9888960889
9849935691
3892164498
4898844398
9968598095
9928710909
8994308189
9971304389
9700091998
8888957549
9228893938
0758829895
9839299816
8979477888
3885212089
4126868960
3758654809
2818999687
6858298892
5489469882
8298489983
0768329894
2897282928
