+90(843)89690 56
+90469 990 8233
(288) 827 8928
+90281 8776848
(290) 890 3808
 696854 27 97
0(489) 294 73 10
0(628)48838 99
+90(998)498 96 13
(189) 744 1581
 399688 90 78
+90 992869 8988
+90 (825) 318 9633
 (893) 548 1938
+90 5099492677
0(899)9992898
(181)205 89 48
+90 188 6953929
+90302 8926385
0(889)6686003
 892 88899 95
0218 6969538
 70888095 99
0244 3208888
+90 399919 8985
+90158 40998 89
 375 799 4218
0 (964) 98778 87
 6898896988
+90 (488)5682909
+90 489681 0992
0 189 548 9287
+90829 838 46 27
+90 (798)809 46 51
0(632)9089898
0 94584818 68
+90 (998) 848 39 49
+90 1914981080
+90 839 98505 98
0(882) 89299 48
0 (918) 47793 29
+9095839983 37
0(969)35955 68
+90(899)4852651
0 (598)498 9096
0 8985990190
0 898298 19 15
0118 71839 06
900 998 94 88
0 (125)884 84 07
0498218 9709
+90 98489448 07
+90(915) 6548228
 921598 88 24
+90(193) 608 9909
0 899958 98 98
+90987 614 6980
(248) 38324 96
+90(588)742 99 65
+90 (988)89225 24
 (892)898 9914
+90 580 38599 92
 997 359 06 59
0266 2919791
 36946949 86
32698828 68
+90(988) 583 38 58
0(277)891 09 88
0(486)885 8982
0 488989 95 79
+90 99593698 68
0(179)3882154
0 (138) 89286 38
+90 780 881 83 17
0 789 8882999
 86996599 98
+90409228 9882
 (830)289 02 49
(484)9984929
(459) 83987 98
0 769909 9002
+90(299)574 8889
+90 (138) 996 81 81
109 8212623
0(185)284 88 19
0 (899)746 6296
 (917) 80585 88
0 43827988 95
+90492 39899 32
021028537 11
+90(559)590 6898
0 896859 48 88
+90(188)8593084
(896)7864840
0898 81999 88
0 (810) 98099 20
+90(109)95888 94
0(982) 982 8895
(144)91188 38
+90898 389 8809
 (885)358 1852
+90448634 89 83
+90 (188)77792 13
+90 857931 99 78
0 7985986801
0 888352 89 48
0 902 982 7262
728973 5285
0(989)2395890
0 (298) 8987764
+90 (118)987 09 99
 (882) 3993598
889 96993 98
0 (521)390 39 48
+90199513 0919
(139) 5939828
 (899) 40598 89
(887) 293 9390
 (883)238 9889
0 (824)594 5821
0(799) 48698 29
+90122891 2330
 (854) 297 6399
0 6989582948
0899802 28 89
(980)685 98 48
 (899)9936708
+90 187 888 0493
0 866 386 08 79
(933)860 3066
 (919) 64668 88
(963)904 7219
 (841)82992 08
+90 (125) 949 64 58
+908388890985
(148) 9945428
0 7523989826
0(498) 8480997
+90 (938) 82928 97
+90(652)8977637
148 86824 82
0 (184) 97927 89
0(976)503 8019
884 229 3974
93784999 93
(981)96599 88
0 891 90678 17
 (885) 892 86 97
0 458 850 04 85
 999 49306 51
+90 859358 89 99
+90(165) 979 9904
(345)6979988
(899) 3092819
171288 6898
0 938 20969 88
+90 478 999 88 68
+90(990)898 57 95
0(865)89276 31
0 (969)23888 57
 488 25293 78
+90 (189)29879 83
0599 949 5999
650579 19 09
(800) 88900 98
0 921813 6293
 803888 7839
0(183) 2229928
0 191 830 8021
0 (188) 287 51 96
+90 898 829 9987
0 33189299 89
0 7199819686
0 (199) 2279899
+90(159) 38993 98
+90(154)936 6991
 583834 4898
 (997) 82824 99
 999746 71 18
638 3909484
+90(887)97355 55
+90(797)7884382
 287999 80 49
0249 704 80 77
0 (488) 92798 78
0889398 6991
+90(276)956 9928
+90 (917) 318 89 96
+90(246) 4797919
0 (898) 89159 94
026499898 78
0 (949) 9419899
+90 (588)911 7848
+90898 890 86 84
 298389 2831
0(996)28887 87
 (988)99999 62
0539362 18 96
 809 7622981
 (944)348 0300
0(621) 998 9098
0 (688) 709 95 85
871996 87 29
0888942 9951
+90 589 99808 97
+90(979)549 86 19
+90 (950)857 5918
0(109)863 19 99
0 (896)809 9588
090999331 48
+90883387 8089
+90(289)994 8906
+90 902 866 7937
+90888 329 5798
(208)588 9158
+90(969)982 4959
 39988799 97
(598) 487 8439
0 588 999 14 92
189388 19 80
0811 542 96 71
+90 (999) 858 21 19
(388) 88854 47
922932 18 87
0(782) 8007565
 498831 0349
+90 889981 6385
0 (836) 889 98 54
+90 899898 9962
 320 28379 95
+90468 8698540
+90 152898 41 88
+90996882 6188
+90(868) 889 9058
0 99989988 89
939 9898668
 (894) 8787992
0 82499289 72
+90979 8995197
+90494806 8996
 (193) 993 82 11
0528918 99 08
(998)8498790
+90 (888) 610 88 88
+9093989888 29
0 649986 8938
0 (861)239 38 81
0 699988 8828
(868)34998 28
+90(887)2999596
+90893949 2995
 (198)8687514
583 295 98 19
(647) 541 8889
+90(885)813 08 19
 (938) 7909893
01415997089
 813 4699689
+90(497) 997 78 49
 (565) 3798870
(809) 28188 89
06699986815
 925 48898 98
0 (782) 59989 32
0 (189) 298 9334
(832)83864 39
+905738818427
+90169 73779 99
0891829 1945
0(773)499 7728
491580 90 80
0459 37881 51
0 (896)809 6685
0488 587 9908
744819 85 99
+9070998810 61
+90 (664) 690 8888
0(597) 4905938
+90 (188)683 98 38
+90(798) 94946 06
+90 899696 93 19
+90 (969)965 7923
(425) 3589939
 (543)290 98 00
0 890 399 9956
+90(829)8989931
0(991) 495 99 19
9298195894
783 389 48 19
878 95752 83
08275989878
+90 9909813918
+90(109)2980839
+90(989)3288495
998 278 1250
0 715 343 2894
+90(906)2019909
+90691 788 17 67
 (848) 292 86 87
923 876 44 89
891819 9653
0898691 8898
+90 (542) 949 1232
0 99896862 89
9942390971
 919899 99 72
858 6796931
 685 995 38 92
 678 991 62 98
 898 58890 99
 908878 98 93
+90 713 88868 21
+90 874 966 88 99
833 59994 12
0 883 8595299
+90908 395 44 18
+90(872) 4051394
0(991)881 29 38
+90 599259 9433
0 (926) 998 82 88
 189394 1180
0 (265) 287 8488
+90 929 214 9496
+90 94929919 39
0948 5782902
+90 18994298 29
0(417)3934488
0(880)9893519
+90897948 80 39
090589718 88
+9078875348 90
+90 8718029988
0 187 80762 58
0888 2898980
 (139) 2884896
+90989 398 98 68
+90 728895 3899
+90 894 7564198
 (468)76789 18
109 6549994
09298812009
 876 88475 50
+90588 48994 89
0(289) 394 63 26
0(893) 46587 40
0(909)998 98 98
0(988) 5368682
+90 129 87896 58
+90 2282530929
+90 (688)856 9816
(937)2937810
(979)815 9539
+90(898) 99228 75
0 878 391 98 97
+90938 8929693
39963480 99
+90(728)9090839
0 (831) 880 8999
+90 84961285 44
0 801948 89 97
0(508)593 4928
091531288 64
+90 998 9896600
(396)98281 60
0(190) 988 8349
+90(445) 88888 47
+90 (900)981 8146
+90 9362895990
+90 8995884433
+90895 598 98 68
0(898) 383 65 09
+90(333) 698 08 84
0 631 85994 63
961990 79 95
0 (334)906 8998
+90(469) 7398980
+90(648) 885 89 17
0 982598 8000
+90 29898009 93
0931 9897987
+90 8998204089
+90 888 299 6999
0 2859959994
+90 (280) 980 69 98
