1718599992282
2978579159640
9589488899100
9802999399361
6188476968888
6908908488821
1688886415192
4948488206776
8280903394989
4159092255518
6895938629950
0881899854181
0788808003259
9690886898821
8998892778198
2170978859880
3803918995790
9388998922949
8896888839244
3788897216917
8806928510732
2886286182561
9978169122838
3374874993038
9400889558887
4298838441750
3608981598390
4988575829926
3179999445896
2581492935469
9999997986888
5849875339896
3238688989888
3798109490982
9696011498458
1493591488690
1840886297199
8817999991988
6658982676782
2988426369937
9479889600195
9184887898399
1970961989991
8988888786984
3839846288046
8122629569426
9805189988679
8884097993893
2882827198789
9003912049882
9083506708866
8995981850688
2489920691981
2852411912995
9609970958988
0992438785995
2899663084950
9998989849089
3999894944815
9793991384878
6828891727798
9089855371882
8698831747885
0856989395339
6412029493599
7618394389083
9899498996680
3129719033992
8788470629885
1489624720985
1299929853708
9048925886238
8295925858684
8398100289998
2852258896941
4984989806658
8498796212951
0398838799436
3505166409396
2649858482898
1651989899398
8980825847979
9397959920196
1899998699658
9988498428785
6490087868950
9229088899588
8696910509889
8980188059068
6854294876875
8599898893993
2596089899181
9845948898921
9438151632879
3885795133989
9218828859948
8989616249668
9585388199999
3969999888406
8053989878657
9893895398655
9941875999899
2161889279337
1995847282181
8038899422898
9989859358303
9798508788888
7962898496568
8049949266952
8885870498550
3388889136498
5889979989889
9677058985287
5863439480842
9289934719869
9326882861498
0988299809809
8687441893978
2964369995992
9889957041904
9489853993193
7727912888059
7893994608280
8998888784998
9963579489687
0198889198999
9891983489989
9591469899396
3988080938920
9938946193802
9999588009998
2186599093578
9569899996496
9199845909404
3469698149359
8499009914481
7459286998822
9769988818988
8618938026398
5829947898493
0498899276789
3889961818029
5289121256845
9549009852819
3489998970818
8443915576298
9994291898289
9984596993887
1949269882540
8199818599828
4906839999898
6889988369280
9598971188935
1884678051948
8119288902048
5631904982790
6858879589980
2095294680809
4858929845983
3826645828399
9189284988898
8589991689388
5298917666684
8408765916899
6748481998938
1999718893895
9995348989978
8917313997582
8825098277897
8885871943898
9803998289839
9883679680487
6988998938361
8699924978899
8688005796889
0947879648259
9837588889561
9482848599888
2135699913494
9989845188143
9918131998889
4562337838994
6148513689896
9635999337069
8489299942897
1394989981896
8075894519692
8786418068959
6979908698698
5869218988494
9930698088784
9799948848308
0675984457391
9834486478589
9879767822939
4594885298899
9308089855193
8788999691369
8320973209709
9694688988729
5123979389198
0849584167779
1938909818933
7090759288999
8009138096235
2987968852038
3892109986898
9948277890903
8819933095133
8369889849084
9390998589814
2498888861772
3308985812728
4893888949329
8917049866890
8881592899599
3785149908884
1262821969928
8402451418899
6469584908598
5788889899126
8088567492003
8697989983868
3838933269997
8969818928588
5179999838898
1099320974488
8359914989333
8599027091899
9934458339299
2570719329891
8924589998183
8503897798684
5845788039735
0909579918592
2958899984748
9803801878829
8573035208899
8739338029324
9690008378628
2083816982889
1448145783491
9698749286859
9939959816797
9897126987979
9528996939989
2899919399195
1888929297988
7189820878474
8288828988083
8888898884389
8583564898907
4908899888184
5788789798387
1996248581993
9835069134078
6936898238912
5839918307088
9079692592895
9868093184842
5780362545496
7998052679652
8879937832897
8934889298854
0911081008081
8559893348909
8898868278403
1991990988248
1989188305529
2979269879948
6898792988819
9834297884098
9084989703670
8985388773389
2445899389484
0267187888118
7959409509977
5498502959415
1095980688529
8491687295858
0790188961959
9388893982188
7889878299268
4299430935848
9708384899888
7458350694809
8698285411888
6996309898129
8174885890909
8739869399929
8144494988999
3878886884885
3288858590989
9736994398993
7888609897988
8896827295287
9905815591082
8993929923681
9759199968599
8939969987262
6188435738294
2219829388889
9690972885138
9518598975769
2188827922209
3947990984894
9608888961738
9553889890784
5807981798896
6916869058802
4664088034816
4018531352419
9911288198179
0383988179446
0605339635780
8980388987583
8426882503839
8889369987347
0298998291999
9296591879896
1247881338298
9216829178985
6473909118895
2884980898895
6991589910933
9199595807998
9885288083134
2875123094928
8689907942892
8248796727163
9908709956952
8932893619841
5618564024741
7878966936854
8170833868106
8586138898379
6458676792693
7985581309789
6988382688956
9398492635988
3529747846726
5989198599926
5782388999893
2694807994719
2081359895096
6289287988317
5585739887889
3898897919493
8151509098124
1903961399230
6291848978868
4562486045885
5955328968660
4880838829888
3418688897890
1899827958708
1769570384886
6888868897393
0849292380878
9878781769289
5598968559181
8398898689847
9818836999845
9145909164988
5769787995499
9849583788996
5599330118393
9981829498899
0188358593954
9891188885987
8951928499139
5897908091821
8898143823867
0939601283195
9849999328887
8427891914888
3241918580983
4948801908868
8958199779188
8878869191246
8070464992099
9881365887920
8308758431089
3198499098118
