908082
398 814
018 609
849 603
087 986
681889
989 997
493	749
556 581
392 189
139 297
565 988
893 977
498	924
888 889
251 810
719 698
576863
553 786
905843
528 075
926 998
809
427
368 998
098	998
851 101
934 488
399 261
298 860
898	799
883 501
655 488
199 987
879 989
854 887
415	988
952 394
388 509
488 885
803738
998 697
399 771
787	318
910233
781 784
898 886
999 348
993 898
919 688
897 098
818 158
899 469
520 904
900 008
368 237
979990
849892
998 195
954
932
988285
382 877
041 539
826792
839 494
398467
885 179
949 985
984 978
219
899
971993
589254
095 999
395 097
582049
420882
796 155
680 858
393
802
838 193
993 353
918
882
988496
953 890
929 119
310 839
905	888
998297
492 508
004 998
850 481
938 885
261
817
089154
898	949
397362
262617
087899
389 863
418898
798860
132 995
351 880
302693
889 982
799 996
420	998
499 302
168	239
965 614
958 188
968 478
988143
893 897
678 390
909
785
229 872
880	188
387	281
961278
925998
285 680
949 492
889 058
072 462
998 710
988
913
298 583
887 899
879 938
096 927
168084
282
309
959 993
968 958
098 138
989 697
202797
768 969
459 899
506 299
698 991
922 898
591888
889994
479 089
495 128
830 099
593985
290 858
799638
419 834
388 589
997	999
457483
999781
986858
800 074
608	688
025 879
888 624
989 514
383 587
838 850
938 959
095	988
965
998
969 858
928 999
599 880
891 359
899 838
631 816
820 439
296
018
933 118
815 856
977 409
598188
189 128
391
809
929	984
999993
993 553
659 392
986 969
088
922
998	818
288 797
889939
468882
890 099
549 999
718 983
092 212
654289
228115
889 803
759 810
389 404
097 619
488	553
888 782
658699
985	910
979 794
952224
589	888
987 968
970984
598 299
263 742
037 348
538
274
309
477
858 785
879818
466271
098	980
889 011
729 999
268 181
867 998
900
865
589 998
826244
689704
092886
458683
088 188
785849
730 799
882139
087888
889 841
991 580
549
983
809	854
390 978
460 899
983590
389928
889	949
969	089
137 780
859 915
778951
880849
830 909
764889
896 887
908 180
896 398
591786
818889
399828
027 818
289288
080 207
303 788
868 993
919 895
495 769
778 399
847 408
983976
177 962
218 291
888429
195 758
888 884
843890
199	958
900928
896 897
958088
509068
088	988
288 841
964 338
885 993
208 539
946	994
288898
991
988
098185
693369
389 498
497
699
298
515
938 076
188 343
160883
880 153
897 879
988988
993 886
398 069
939 599
278 588
057 826
448 417
789498
388636
073728
799	068
594 894
907 800
988 985
679414
859 832
894 882
992	190
446250
887124
858	880
394 599
981 499
088 498
908 883
949298
128 572
219598
985 888
992 179
969 560
827	828
799 159
020968
980663
949148
016 200
883
998
393096
889	689
892596
979 392
208 656
291	189
999 899
835 594
479 878
998 598
826 085
689
413
990 695
935	969
919484
399781
984	988
895 943
985 859
818 194
689 518
992 898
889	592
888	828
994 699
889	798
598	734
733	850
969888
832
892
918	999
819703
415
475
046
908
998 918
830 082
686 818
889 341
911 084
996	400
997808
989 981
194 095
985 845
987 994
346890
583 019
597 899
886 994
588 977
809 388
942 859
