948018581245
260341768321
980816886979
855863938909
899987689932
595098959885
880098920619
994818881998
993504882567
128958538156
682304407690
743288830838
999893669885
847965892888
952472339887
897735860889
745988299078
098992986786
989895354198
992996829440
296896062999
889791976498
084381890437
880195968043
588999679445
649069499428
839264489441
728483691888
989815979393
580601273980
789839329382
931898126999
496558711982
168510919924
799215730781
588147868899
940228890791
858096800212
589948151389
869155883684
019892890033
685589989888
839896576795
980963928988
878899476999
899883188654
807899966898
212993282878
884858998225
928869888910
997539815398
992034995982
983499488877
889619329987
949994994892
298469194981
878468158894
986838519880
991397837247
640583741144
092872328992
072692899183
508788975982
998089887999
493289228704
048928035988
458298018299
919487989641
899991138985
438848928128
888817190786
999887869598
851996986582
753090298233
959099198285
466090029899
488798889590
099684043265
145238187892
999909820769
895806391287
799386009884
159893989580
288774569866
883499914978
929389937899
888016692839
047065505983
993806586586
797988988339
898410238924
509275198831
870689951179
523358385588
932989999899
992695409337
898749994819
992889815894
284289129996
524998094172
577569789839
660883890569
889319964881
684001588675
469468899698
988698999928
671418718890
289198169848
199999861246
886255129988
678896036992
998388712988
832885811299
147199849479
889864357199
035048381338
508084979196
999587966783
665929059879
499319093223
088799833742
399712889869
898012828184
831849088922
858188828282
838798188484
410218294967
386538589669
980961986359
493874812869
818098942885
029299789969
709688958270
180388162869
289992328418
421887986989
838278019394
220280845489
979999178196
741851392991
008993394229
148844878889
899804528849
698408403159
829987958937
611885721698
089088523686
892288942287
998351969027
869889580389
985933881449
282820618181
889698881679
644807889618
987199150878
938988878768
551275853717
984488884893
984195739586
189994198564
845199489863
542290939297
848278097698
981595958989
274498363399
761559596262
885878381298
958005889822
899178298919
919145852658
818850297999
967388399487
974181068599
070580592858
889882687339
594102886899
408982499010
961858193801
814189492959
909998896879
632889993823
816985917810
888495859637
884794490894
599986559292
981179818896
090748895597
979991198896
678313975809
041885199835
898318585984
004985901799
055898699512
858793322780
984287369087
998559133709
099114884846
027283792999
299598999991
559092868688
589871886829
951099242928
888968892882
279032899989
849976693867
529998698919
999584514295
879299935831
369788871058
875829190798
968328095188
889915694993
975438087928
498808952884
439001785518
998890489828
411818489787
989988989868
270899214289
589967121899
889871789499
785535822898
088982289269
889988149838
290533997729
099609295898
997338479839
038899499988
993999811809
089988894669
910086786788
835999652150
594899826983
989778789928
989677259993
281278868959
378198823589
109257980887
984944988832
874189899866
818776707869
822048937948
871738926167
889197838918
500112268286
908692893830
959891160308
818881925349
885080688782
903799989841
687934384682
889988589980
988489999898
889897568398
998834928339
125691976999
883887948883
289381995890
478042989840
876896889059
858987883980
482889302025
988884219946
929989919899
842828179309
246388692981
802585499269
090964987910
049898923899
482899874285
699018888999
889886198298
535718882969
988858948855
068986997890
846982949230
688733486798
898687918902
507479889809
996868531295
562927808088
669722998102
845938184888
689808199019
991482849948
972990494869
633888458841
996848816173
398842949175
349681481854
849917428888
939168893988
288889908958
628002888989
939889948357
892008919909
588498958187
269590999892
901696684822
888978847936
917889991988
170084425281
846979992716
183496897858
888098898952
928299979198
913889919045
792994912947
761885753946
236283903439
886400869958
751884140288
844998834654
497893991586
863757838487
903828617924
888992114442
838699858976
649983835199
529069749904
586878938999
883268999897
988898685889
299488813868
487648357291
097635589878
959600979688
897383389629
282248999192
218599028288
489794919992
898980389288
883738959670
967893951298
808088898998
990768589059
098499648076
689481868805
525649845254
237615036896
808388490782
978492855883
948926999889
996860648998
029918998889
638949389839
968599848978
302962988999
948849889808
003348596830
988580398839
189825456587
518889369289
381889919692
989553916590
838930686684
588987999968
991898951529
859099993018
700997621485
273601897603
242993499812
898890979783
156915054891
648918974940
604934894961
980885898649
997389800338
889099978899
909984995869
919899977848
819284981835
127348786859
999308899659
993693388958
469824676099
199388984998
098821281538
757228979128
591498980967
098489393658
992789899311
587218919890
759811895803
