96
0
34
-94180
698618
-899
89995
-8988
192
-9
6
-8
62
3
95
1
-2
-5
-88855
19899
-839
4
24
-9384
399
-823
183
838868
-237
-88
7
178
2
-15
-4888
-98
-4893
8
63
-988
18
5
-998
-885
84
-7
-8498
-96
9
70887
89
999
-4
140
57
-38
-42
38
-17
9594975
66
-9532
-79
-89
65
12
-9893838
983
-189787
73
-897
-688
3921
74010
-3
59622868
352
1888
90
-78
-889
44
-9287
31
-570
-99
-878
-748
-1
92
-45
978
69
13
-579
43
894
841
8111
-545
-193
993
118
9598
88
44798
-6
-10
-592
889958
-87
-817982
-882
29
852
-27
-939
96848
835
7892
-92
-9614
14
899838
-82
85
71950
-984
-3794
699808
7778
958
632
1966306
-6993
-32
97
-8391
-880
-74068
-918
-5808
-186
377
-980
-71
981
-805879
-195
49
-89899885
-842
-1279
126
-90
-238
-86
-749
8910
-492
9809
-70
-19
-8699
39
625
9209
-949
869
-970
86
9851
-88088
-619
-69
900
-996
52
2998859
81
98
690
-67687997
-85
9322
-43
94
979
28878979878
380
-40
-93
5939
58
818
-68
-68991
2983
-499
-498
825
88013
99
-3888
-11
-278
59
643
48
51924
478
-83
-81985
25
-39
78
-324
95985
-9933
38899
188
28
-95
1969
-857
89147
8777
9898626089
-999
-49
2959
-928
5780
-9889
488
-997
-63
-873
-859
38462
-81
-905
18983
-67
-33
-899828
5992
-386
9245895
498
-65
-28
3832968
-9303
858717
8186
-983
25796
-52
588
169
7877
-489
-590
41
-580
83
691
-5609902
61
9688
930
-58
93
-488
988
-14
35
977
80
15408
-767
-159013
8488
17
991595
859
19
8895
-29
-215
685
519
8889
77997
-6184
998
-155
-8011
12813
716
-94
89883
-604
1905
18189
82
784
589
858
-123
805
898843
67979
-91
995
81896
9969
980
72
-9848
-6980
-86020
39879890
23
891
-9089
8399
-898
67
598
39258
38699
268483
345
-129
8689208
-20
-44
-85985
888
738
2984
9858
-8591
-18
-84
2945
879792
489
-989
906
147
331
-94899787
-3598
310
989
-954
923
393
-908
14199
992
-61
-73
349
-97
-4928
88996
132
-782
-96950920
98599
483
-34
189125
-2839
-8783
185189838
-289068
99189
578
9862
