4695
9
0326.8
37.0
863.8
6
080.48
88
96.04
8361
39885
8
0
9.0
939.49
8.8
3
694852.086.8.6.84
24
898
9.88
8595
99
9.8
2.9
49
581.1.59.99
558
94.4
8.6
9.98
822.3
8888.6
899.24
68
3.97
88.9
2.93
5.5
30
89
989
2990836399
39
148268
83.8
98.8
9999.5
86.9.87
9.83
05
4
1.8
9.7
98482
8.9
1.3
7114.9
9.9
64
1
69.88
88.89
91.9
7
8.5
728
18
849
07.9
49.8
921
299
635.8
96.8
98.98
8.19
8.8.8
5.399
8.99
8.21
734
467994900.8
96
9933.6
89.8
8590.9
13.8
1.99.1839
783.8.7
9.8.7.94.0
89.69
15
13
6856
6.66
9879
887
79.5
98
127
9.190
4.8
98.35.39
27.9
8.0
8.284838
9.2.95.8
7.8
91786
2.99
48649
951.1
3.4.135
9.3
0.6
370
8998.52
0719998
06978.25
888
38.9
29640.7
8688.888
829.3
4.9.0.9
9.74
7.84902
4691.0
785.8
992
8.3.88
5.7
8.88
7.6
939
3.8
097
48
85999
2.8
1.9
6.91
9.63
8.2
1.6
8.3
44898
889.6
868
81
238.88
84
4.0
5
80.87
1.98974
11.2
4.35.0.888
6.8
298.4.3
384.1
933.4
6946.9
08.5
8.29
18.2
3.90
9.89
9.8.8989
2.6
8884
89.41
45813.6.8
8.87
5.8
79.5.4
6.16
82.9
8921607
4.92
9.2
9.6
88.98
98068.6
8819
56.5.3
2
82.0
908.8
19088
89805
97
0.0
9.811
9.17
18.0.89
83
3.4
089.9
9388.8
0.2
04
368985.9
2288
479
8885
913885.01
131
88999
59.8
842433
94
89.0.70
00.5
98.9
3789
899
08
8.7.3
99832.9.9
1.2
9828894.8
94.0
037
3.9
9.586
1.1.88.8
898.28.8
99799.9
28.98.9
6.58
979
792.8
189.3
89.5
417.887
2219
978
28.1
953
6428
239.3
4.9
3590.1
919
48.44
28979.38
6.63
40
8990
094328
619
853.25
7.2
8213.9
819426.5
2491
3.32
788698
28.9
9869.0
992.8
7.9
019533.7
534
985
289
3.1.93
0.8
589.8
98483
88.90
789
2880
6.7
99.9
0582920.4
8.4
92.9
2.0
8899.8
2.648
633.8.7
40287
954.25
642.9.8
8.98.8
80940
698.9
1908889
897
97.9
79.3.949
89.5.1.6
298
4882880.9.4
6.89
9.39
577094.1.8
999
42.4
8.9.9
79
56898394
856.8
54.7
98889.8
3.2
898.3
88.8
891
40684.2
4.0.8
869
3.5
8.8888
98.6
588.1
996
69
347894.89
95
89.4
48.9.7.6
11658.879
87
43691
31
998
0.4
81886
9486.2.5
4.5
3.9.1
91.8
299.853.9
547
2.66
618
900.9.0
5293
2.4
284
635
44.8.1
1.4
2399
58980
59
983.9
94.11
0.7
92.59.2
92
281.0
20
199
976.98
98.5
6.3
8.90
1.219.9
569.1
599749
5.9
68.7
183
976
43
985866
48.0
91187.8
88244
5.1
26808288.9.7
2.7
8883.8.8
6.287.0
6199
86662.7
66.9
814.9
21047.36.7.89.899
