8849
0982
999
805
988
997
9874
89
98
80
3797
8879
909
3058
824
14
4992
38
83
9939
1939
97
9789
499
884
867
9852
828
9289
689
84
7598
906
39
724
3688
6189
288
99
9910
2973
1418
46
393
27
90
9876
28
4729
6887
04
49
88
91
94
085
495
62
68
8992
887
22
43
969
960
8630
384
195
51
461
893
587
949
254
9088
29
81
69
96
485
67
72
9495
8118
829
1966
8888
9837
246
7869
815
09
889
979
5990
79
168
018
8591
32
447
02
76
8081
1938
50
036
869
87
295
3839
809
95
82
5598
61
648
670
9389
9798
9905
303
33
7897
92
18
19
17
30
2179
9768
038
8817
248
9588
26
708
3988
9083
93
86
093
6869
06
455
58
498
683
8799
66
5920
7348
016
888
991
0488
984
8898
367
15
8886
08
202
4750
8369
8948
9889
449
59
629
78
947
844
6221
9304
808
228
315
2319
691
898
9314
6187
7850
619
9999
0588
70
8299
03
408
318
56
6568
9619
85
145
9464
4997
493
1812
1885
388
852
9439
397
6881
11
48
65
989
41
948
8928
345
816
8981
73
8239
57
9605
076
980
9137
982
0990
2885
968
9199
920
882
9114
089
1790
9280
9498
6008
830
1163
8984
939
8389
9899
826
9995
9900
8899
0545
63
510
8014
3478
193
924
902
578
8259
40
4049
6199
680
1080
901
819
9298
6884
8428
16
5943
444
044
9378
07
695
423
8918
25
8998
55
987
953
899
5547
796
5898
4948
261
800
3889
487
71
5867
4835
5085
7829
12
588
8860
9882
810
489
992
23
411
150
881
138
5999
6999
8856
329
981
9568
2819
6738
270
1899
9286
598
2818
8883
087
2785
5169
0868
5018
2289
698
247
0188
697
878
3899
8982
798
37
9583
845
391
658
8108
1586
7999
7589
6438
5988
34
847
8738
4834
0896
9403
2181
00
10
105
141
8909
280
219
148
9689
2926
9697
24
9141
048
31
8293
1469
448
349
839
3588
8819
116
699
591
922
669
319
54
13
299
