898
6486
58
2
1859
38
8
89
889
9
695
1
968
6
98
7
0
19
82
709
36
56
96
97
49
80
37
88
91
669
4
86
5
909
34
05
3
611939
9273
713
22
531
899
86589
490
99
218
01
79
811
08
868
18
169
9846
893
0794
878
95
27860
1688
28
788
989
296
996
921
94
45
83
549
859
824
6938
31935
92
80582
398859
198
98909879
88878
03921
900
93
29
8589
78308
941
5425
69
21
39
891
78
018884641
891928
06
90
759
389
8385
67
994997
35907
255
233
8438
70
59
689258345
12
994
17
0960
87
85
88898
095
39288
588
899988
958
3292
9819
52
5988
985
8740
5859997
79980
869
19998
50
116
990
873
75
81921
09
53
908
287798
9824
68
140
72878
51896
9859
41
939
783
398
03
27068
0715
298
836
2318
976
650
18803
0365
992
51
888
583
04
48
938
789
981
20
190
648
498805
46
756
599
69889
8347
14
16
922
2991
90629
846721
194
861
882
98191
164999
596
7924
9884
43085
09897330
708
865
080
247
913
059904
90922
7999
749
686
408
84
8129
928
11
638
92887
11958
8198
192
82834
158198
9069
5548
871
793
947
242
47
40
566
080817
39999
99979882
807
5890
8882
95988
83988192
758
853
99889
98874
0088
2948888
57
92735
09846
08411
044
782
6828995
498
9982
55
187
31
9922560
87859
8776
9474
814
1889
9078
64
29488
932
4778
8893
862
894
82996
892
935
0996
879
993
63
292991
18308
24
00
82983
0548
798
6676
68983624
716
8358
288
719939
78349
81
41870317909
292
803
269988
79591
8979
22130
2859
99888
60
869888
299
895
014
8989
3678
2989367
084
923
89185
98608991
182
16629886
0989
4098882982
79884
629
484
9779
200
8368399
469298
988279
86380
039
30694
119
836498
8267
84089
83608
13
068
9489
7672
01886
778
1792
7239
9309
61
32
648928
729
8988
989278
8640
82970
43
229
9878866
9998
8999
784
4434
998
42950108
9536
9763
888811
4829
929
2112
693498
497
88348
204
980
2946
10
42
30
002543809
67847
280
502398788
189
7706
9088
9897
285
589
65
904
73
