996
819
845
8498
959
4841
8945
4289
587
686
2898
5213
8929
8114
089
081
8764
7916
069
9698
477
5599
9868
6849
731
990
9845
1861
388
389
3848
977
888
099
6918
371
7429
8797
3899
3918
0685
458
123
7598
860
571
328
1821
858
5949
8956
235
430
2986
9991
9808
899
824
018
465
7029
8902
1890
1079
5082
5149
268
810
8880
098
848
542
638
438
399
938
6838
998
203
0990
868
989
735
857
130
985
8773
949
828
3791
3709
911
090
349
5909
919
8029
646
892
9898
2865
4999
1990
6880
662
3799
891
7589
882
849
2838
890
550
182
6885
8989
984
969
6907
999
6498
8629
369
3985
9369
1958
599
9998
995
2508
2219
8899
9980
320
809
895
9977
884
9953
856
5409
931
027
2308
8933
854
038
3698
1919
2787
6318
738
962
083
3484
861
066
988
0806
981
885
6599
9889
494
8868
6766
9809
7913
838
2173
201
997
8261
8211
889
3131
8543
8986
7223
4496
7960
2166
906
8599
085
909
498
8118
689
9894
8092
1379
497
6999
2258
333
859
9424
952
178
407
3929
429
196
896
495
9897
2447
881
979
3688
199
9358
128
8984
4169
978
3415
692
380
8982
190
8397
982
829
879
172
9851
4808
694
943
4299
5798
039
5998
9815
7874
481
9828
352
8898
054
394
918
8749
8129
779
8981
338
8979
8338
897
784
9994
3998
189
0295
9199
598
079
406
8889
8949
5795
841
249
588
9888
8839
0988
137
1709
4189
668
1590
3192
8785
419
9893
983
5286
4509
9268
077
4988
8926
7868
658
1689
749
5438
807
5002
924
9253
9964
9874
499
9804
331
754
9987
8856
8780
9395
9629
7895
9354
5249
319
3085
468
3869
9878
887
8739
886
3990
062
788
082
865
8752
5912
8632
794
7515
9011
3991
4929
9088
169
157
8939
973
9749
8728
8028
7699
6187
935
9988
822
5151
6199
2597
713
455
580
9969
531
6398
898
8698
927
993
907
5913
108
1859
5168
0108
8783
9238
197
7909
483
9576
206
9539
281
5855
4203
181
146
9198
8249
8191
9858
8238
198
287
5138
216
