99959
3649
76
39
99
9509
59
893
49
13
4804
798188
879
42
7928
6498
89
804
597
408882
886
988
397
1984
243
898
299
86
88
12
548
185
682
29
18
20
19
83919
79
26894
96
38
11
72
806
41
9959
1738
98
82
8561
10
44
85
95
702
215
996
7684
90
980
9828
999
84
87
132
6199
98689
73889
9858
269
968
54
899
58
801
1693
56
91
5910
89889
68
964
828
9532
953
318898
145
419
683
28183
78
699
25
789
48
8986
15
997
499
782
96094
929
202
8899
965
26
35
94
9884
9078
354
649
475
481
89583
52
3421
848
9099
6857
71
985
8689
46
1898
60
67
48448
994659
50
178
17
889
61920
32
989
779
50496
4990
9952978
9223971
852
797
69
892
9888
8888
22
977
134
289
31
49884
949
8585128
818
97
999995
199
8911848
1822
4381
8150498
498
362
51
11348
4418
33
2695
947
214988
93
1734398
749
70
987
40
8995
6993
83
47
378
204
888
57
8883
249
54560
198
875
833
190
355
829
959
4979
978
8828
6339
8308
50528
28
1887
1382
8590
9937
8829
61
683489
78911
800
79995
3767
185168
2008
430
873
88888
390
92
265153
107
571
8491
992
79280
409
869
96869
640
183
5149
171
941
81
24
4840
74
1246
498988
8606
636
89580853
247
9690
59389
4219
61995
19818
9482
45
1148996
78958
817
80
8089
36
99889
83293
898281
71277
8292788
379
2309
859
8879
838
894
98588288
43
8875
983
9998
9870993842888
173
9807
979
288
798
27878
9099808
9618
691
9898
80408
998
4981
189
148
68849
18899
73
759
700
8412
14258
29882
63
9409799
27
803868
888788
9882
528
969
188
918
329
298
488
7792
1948
751
79369
2339
80302
808
690
87829
8539884
5878
16
119
199688
1968
938
909
180
8966
77
391
398
4996
98826
454
37
768
688
158
999592
698
739
65
9993
9988
8189
23
210894
388
5898
201
994
678
19997
5486
599940
963
28979
8550
2428875
794
128
9380385
569
826
897
8139
804999
191
296
954
7733828
2919
684
586
97588
56192
98979
887
2896
118
870286419
