18889299187
18023880492
19895997830
17995598938
14995275216
14498929189
18109419999
18895809896
12824854609
15889588228
18939781588
14489999082
18998997099
16958983888
19958997928
13886157386
13988848949
19834588809
16889942923
17988160769
14916708879
12758508989
13982667894
19995889830
16558808389
16866892474
13922947811
18993986920
18938269430
19032709788
12453819828
18938887812
19389386549
16958699816
19819959999
13382888199
14688830318
17729481504
17999988886
15927338669
13608098849
13433699896
18988665898
17608387538
18878938798
13833658063
18409476158
13988967285
15498091826
13804555583
19902689838
18403829939
13293889082
18496438388
17829948888
13949289999
18789089409
18088887983
12766908912
13598559988
18948796506
15746999796
16289899978
17393899998
18292539191
18118407860
19898989884
18764988908
14829388833
12389449352
18283869549
18698927994
14694287435
12193749989
19097248288
18097617988
17069055299
19392152857
18078948888
19898295699
16007891316
16288998050
18562873989
15389805389
19129910816
19319633888
15945988806
12614939925
13986194281
18598930245
18988038750
16693284598
14779984920
19799791669
18242999918
19559184833
13008998188
19292391898
14482039559
19098386586
13998034389
14186268605
19298038880
18888628795
18882879599
14958459975
12428195198
19919999889
15999221584
18894689516
16999954627
18725999232
13482991279
17482999783
19093860892
19773993888
19869948059
18669196488
18874258898
19784988387
12988897929
16588654842
16672998918
18289092869
19359618389
13782898396
14484890968
19893802718
19883388908
14183879885
16433989885
16927839498
13393546190
19888088869
14908488959
18862235893
15889679584
18899480049
18193848997
12899838826
18695909067
13782999196
16498855783
19889394081
19599761189
18289886889
19086823637
19153265519
19818576380
13949047989
13295901919
18019181951
19869992458
16898789592
18788987987
12383918889
12878838848
14498258881
18054484094
17953886879
19743888920
14392688579
18993489965
18888994439
16896283048
14899108929
19249345718
12688059910
19188683049
14869799893
14442560989
19899488967
13896388988
12939478199
17803395268
18589649973
18388961199
14699811797
13878130344
18537179539
18999999699
17194333993
17632508910
12199959803
12094868659
19199598999
19679849585
19892946299
13378988989
17693904792
13819894689
12318290888
12865796183
19885849954
19298919849
19594589188
19853281299
13443123895
18828454499
15388097399
18787228894
19183959447
18784983979
12898819894
14758086884
16429199191
19918989958
13049688049
13396998939
18376086953
18498399916
16788519937
19739898139
19469999918
16462953998
19695979209
18967691348
16692989588
19792796974
18878486999
18889828244
13964936895
12174106803
19922979977
18593748449
18813983847
13298719899
12819465197
15393983558
13239984967
18373998889
18983998188
14899690884
16872909803
12694821989
13089587128
13285397158
19299986999
16249099889
13069989199
18298829659
18985368288
19999849879
13083060828
13512880499
19067892814
17648949452
18892968599
16018899709
14892875978
19389090804
19998899848
12695081091
19899990869
18999738988
18999383969
15998480498
18689888888
15083376911
19172839898
14938987951
14807718837
19962899948
13394897992
17559730889
18986904658
19878889988
18912859828
12859912299
18112991992
15853990886
16458728528
18743824431
18583939889
18543998993
19178859196
16188836889
19802887188
18169819951
19892699951
18898961285
15923348225
17712999937
17794222996
19992843349
18718958618
15009121760
15928111299
12999991806
14307293089
15538683890
18803898024
12607098986
17087898990
18297085596
16978969859
19088656255
19182148499
19889092289
19989320829
18688998029
16983964697
12918789495
14139898869
19517889798
18774342820
19983984911
14956980077
18595846887
15129865888
17795919989
12898831141
13883198858
13688819089
12599888969
13688970497
18898257789
18849988186
18984989889
19397988586
12749394992
18449132899
12709891198
19858829999
12888998897
18258488294
19896889990
18538882997
18973139196
15254977915
19895978069
18912949688
15902039880
13698081054
12889938858
13288500388
13358247096
19289969788
14574899298
16588321699
19328989852
12938480189
14878851809
18899994698
19075791268
14349268887
12488449879
13788997968
14588161596
13586288889
19642999793
18279688988
12292986069
18895422999
18486583953
19045889834
16065863148
12828879289
18026882101
13895889849
18138884978
14878463538
13986818919
18529019886
14987789909
17816393995
12583949899
16885986988
18609898832
16698363969
19898801699
19009958812
13883848903
18599199966
19883428828
12994395892
19889348899
17789883374
15882640124
18688996853
18748048962
19819239538
12332889994
12822836779
