254
2540
2542
25499
25469
2549
25493
2541
2543
25474
25459
2548
2546
25494
25411
2542913
25491
25408087
254393
2547288
2549858
2548278
254929
25438
25439
25483
254689
254907
254038562383
25490
25408951
2549080808
2543998
2545
254915
25497
254387
254189
25448
2547
2549952
254568
2544
25415
25413
25458
25429978
25426889086
2541999999
254899
254629
25449
254744
2548562
254052
2545138
254868
2548992
25425
254698931
25481
2549288
254991
25427
25498
2549388
25485465
25418
25488
254887
25495
254992
25499568
2549973
25409
2540583
25432
25492
25429
2548870590
254185825
25410
254284
2547549889
2549692
2544893
25489
254999
2543069
254997
25457
254686
25479
2543638
254411
254808
2546998
2547338980889
254897
25412
25474898
25417
25405
254841
25445
2540701
254019
25468
25441
254172
2548984
254993
25420
25454
2541978
254357
254888
25423
25496285945385
254018
25461
254987
25414
254099
25487
25464
254618
2546905
254802
254882
2548289907
25437
254098
254799
25448388081
2548932
254966
254859
25428
2540390
254375
254148
254353129720
2549874
254184
25485
254329
254978
254989
254896469
254181
2544811
254895
254913
254619
25482
2549849
2543827
25468598
25465
254875
25429889
254818
25484
254188
25478
25489178
25433044
25403080
25486
2543982
25498972
254894
2546903
254319
254499
254588898
2549933
254969
25462
25437729893
254295
25482865
2543993098
254392973
254799985
254789
25416
2549819
25406
2541988
254885
254622
254041
2544980
25435
25447
2542583
254788
2544588660
254756
254979
25471
25498999
254291
2541156989
254889
254293898992
254970
2548944
2548686
25408
2548751
25467
254381
254429
254839978
254339
254388
254479933
25430
25401
2548418
2543897
2546982
254898
2549699
2540685
254649
25418129
2542213
2542916
254706
254890
2549099659
254860
254485
254990
25480
254839
254714
2548816
25423998
254598
2546918
254130
2542898228
25419
254801
25496
25421
254576
2549669
254981
254773
254006692
2548338
254837
254490
254878
254764
254899856
254998
254698
254288
254564
25458897
25434
254790
2548578989
25487933
254099589
25426
254962838
254843
2542097
2549960
254088
25458116608
254396
2548315
2544388
25496333939
2540397
254615906
254290
25437918
2541708
254011
2549398
2546159
2549918
254052790
254896
254399
254597
25477
254180
254968
2547526878
254092
254082
254898995
254924
25498848
254995
254480
2543942
25438294
2546782
2542438
25456
25483497689
254083
25489399
25499433
2541880
254019649
2543090
2547048
254984
2545835
25466
25428939
254628
254848
2549988
2548863
25468281855
254281
2548798
25459928
2548937449
25403
25492556
254238
2542568
2548888
254881
2545882293
2545649
2544519
254691
2546979
25436
25493982
254170
25440
254908
254863
2549586
254829
2541428997
25428988
254468469
254288993
2545879
25480538
254931
2546955
254746
25498960
25424
2540839
2549794669
25485482
2548488
2541599
25476
254259
2542843
254196
2543969
2546899
254943
25470
25498989
25448998
254788482
254492
254798
254729
254904894609
2541985
