12	63	88	138	172	234	447	517	654	872	1060	1243	1246	1247	1248	1448	1450	1451	1572	1759	1764	1765	1766	2002	2003	2004	2417	2419	2421	3350	3847	3875	3881	3882	3883	3884	3885	3886	4830	4831	4832	6139	6215	6236	6674	8875	8877	8999	9002	9008	9011	9012	9013	9014	9015	9026	9027	9028	9029	9030	9035	9052	9053	9054	9055	9056	9057	9058	9059	9060	9061	9062	9071	9072	9073	9076	9077	9078	9079	9080	9081	9082	9083	9084	13751	13768	13774	13775	13777	13778	13779
66	2	151	356	233	795	889	1054	1640	1662	1754	1814	2144	2156	2186	2389	2394	2509	2896	3153	3283	3297	3360	3368	3369	3800	3802	3813	3852	3915	4053	4837	5302	5369	5378	6035	6045	6049	6056	6070	648	6083	6095	6149	6224	6303	6405	6428	6453	6464	3287	6486	6840	6841	6845	6896	7327	8668	8689	8691	8692	8697	8699	8700	8725	8730	8732	8733	6150	8739	3846	8742	8747	8771	8774	8776	8839	8891	9098	9123	9199	9753	9788	9789	10066	11911	13652	13655	13733	13752
16	173	174	282	283	312	321	327	383	395	449	515	518	891	1052	1063	1250	1453	1455	1768	2423	2425	3317	3828	3830	3896	4089	5365	6115	6117	6135	6254	6258	6260	8612	8613	8822	8824	9095	9133	9136	9140	9141	9143	9145	9146	9147	9148	9160	9857	9873	9874	13771	13782	13783
11	6	379	382	380	446	505	685	687	868	869	870	1058	1237	1249	1794	2005	2157	2159	2406	2410	2411	2412	2413	2414	1370	2875	3305	3863	3864	4829	4945	6172	6195	8871	8880	8952	8953	8954	8955	8970	8971	8972	8973	8974	8979	13749	13759	13760	13762
70	193	242	360	612	651	720	1398	1606	1647	2424	2985	3281	3392	3437	3859	3895	4827	4947	5111	6112	6164	6168	6235	6247	6248	6571	6579	7837	8645	8864	8931	8934	8936	8939	8943	8944	8946	8947	9108	9113	9115	9116	9117	9120	9129	9157	9947	13832	13834
1	0	17	314	112	1020	1028	1241	1436	1049	1447	1573	1997	2010	2405	3379	3383	3777	3801	3815	4095	4140	4143	6088	6159	6501	6524	6529	6796	8672	8676	8786	8787	8930	13664	13725	13831
153	5	328	176	794	1176	2007	2062	2255	3352	3836	3849	3851	4018	4025	4371	6143	6144	6147	6291	6383	8888	9634	9639	9640	9644	9645	9646	9647	9648	9650	9652	13649
69	28	333	338	615	716	776	777	780	841	918	1179	1232	1821	3959	4299	4444	6199	6200	6204	6207	6335	6917	6918	6923	7353	7372	7375	9445	9893	9939	10828
245	443	545	603	691	693	1064	1397	3101	3829	3897	3898	6252	6257	8708	8769	8825	9096	9097	9112	9118	9134	9135	10039	13833
407	257	408	406	2691	4307	4455	4456	10847	11665	737	11666	11667	11668	11775	11776	11778	11782	11787	11788	11789	11804	13874	13878	13879
585	155	880	1658	1399	1751	2415	2449	2586	2883	3782	3950	5441	6052	6219	6392	7062	7067	9356	9360	9938	10547	11718	11890
1413	74	1110	1414	1702	2683	2400	3498	3501	3503	3807	4101	4370	6197	6903	7048	7074	7198	7209	9426	9428	9429	13688
624	294	1870	1902	1903	1904	2943	4422	4436	4450	4452	11573	11578	11588	11674	11697	11728	11747	11750	11761	11762	11763
670	315	1039	1358	1712	1205	2104	2236	2291	2572	3310	3543	4219	5537	6316	7433	7436	7455	7456	9456	13703	13707
600	358	657	1392	1668	1815	2199	2393	3421	6423	6424	6425	6439	6440	6447	6448	6812	8779	13657	13814
58	1571	2061	3342	3567	3980	4050	6327	6827	8980	8984	9043	9044	9045	9048	9527	9631	13772
140	320	448	1312	2416	2418	3874	6324	8997	9005	9006	9007	9009	9010	9041	9090	13763	13767
212	188	332	608	609	1228	2065	2477	3043	3306	4078	4081	5305	5401	8597	8599	8641	10532
288	150	1484	1822	5424	4110	6153	6537	7796	7803	8679	8804	8982	9876	9908	9929	10034	10063
2644	1299	2682	2645	2674	2689	4449	10811	11566	11576	11585	11624	11682	11686	11691	11749	11764	11765
76	31	926	924	928	1898	4451	10982	11587	11625	11626	11766	11769	11790	13872	13877
73	13	243	361	418	1979	2011	2224	6799	1411	3346	6800	6804	9844	9937
84	14	302	405	4282	10600	10601	10603	10901	10928	11603	11606	11608	11609	11631
214	111	1233	281	1434	1740	1053	6089	3791	7792	4921	8651	8652	8653	8789
373	65	528	1188	2162	2895	3308	3450	3940	4096	5410	9888	13628	13681	13796
1838	1051	1974	2036	2095	2538	2575	3436	4810	4812	9092	10069	10077	10079	13569
1614	1803	3850	5469	8636	8722	8723	8782	8882	8883	8957	9336	9425	13736
108	91	1159	1369	1380	1382	1738	1980	5032	5062	5399	9186	9879
599	441	1443	1746	1750	440	2893	2894	3841	5090	8696	7318	9423
1226	1014	1653	2379	2381	318	3282	3780	6226	6304	8617	8965	8967
1301	1578	1876	4539	10751	10816	10983	11627	11655	11658	11685	11689	11753
1598	1347	1600	1982	2073	3055	5228	5235	5239	5248	8995	9252	9253
529	86	1197	2089	2272	3321	3958	6686	7075	7216	9021	9036
1019	113	1230	2246	5172	5528	5531	6034	7083	8775	8777	11712
1471	1470	1799	2093	2254	2466	2573	6369	6372	6536	9033	13803
1660	2620	2626	6118	6216	6237	9063	9860	9862	9877	9941	13770
480	469	1519	1891	2623	4426	10514	10598	10758	10902	10915
604	1769	4954	6241	6242	6251	6274	7049	9103	13601	13784
319	1760	2391	2453	4828	6046	6145	7319	8869	8884	9676
863	976	1371	2977	3296	6017	6024	6146	6238	8885	12707
2390	6039	7387	8695	8698	8716	8717	8783	8791	8861	8866
3135	697	6027	7052	8857	9284	9285	9286	9298	9932	11139
219	374	1644	3825	5391	3311	8808	8810	8818	13746
633	211	763	2060	3028	3029	5108	5301	6879	13611
1254	1070	1258	1608	1781	2247	3137	7058	7160	13629
1639	1238	3353	6130	8590	8685	8686	8797	8865	8976
2765	100	4597	5434	6040	6272	7096	12533	12558	13808
3363	1816	4057	5327	5326	5360	5368	5533	6062	7173
3784	3844	2454	3889	6535	8630	8868	8912	13726	13748
431	276	504	1995	146	3288	6068	8744	9767
485	409	1913	1921	2570	4481	4513	11953	12151
506	101	1018	4010	4014	5298	6377	8638	13609
1220	206	1428	1722	3626	3821	6699	7843	11121
4953	9025	9031	9032	9070	9085	9086	9532	13769
632	495	2057	2430	3120	5036	5291	5293
1442	67	1446	2001	2898	2900	3803	8911
1744	444	6140	707	1011	8851	8878	8977
2802	1681	4689	12978	12979	12982	12995	13002
4425	4987	11570	11571	11622	11623	11657	11746
4687	3422	4693	4694	12964	13009	6735	13011
543	225	1423	9446	9846	9940	13742
756	663	2174	3326	4446	6177	9183
816	489	968	1026	1161	4609	13892
1062	2420	6234	9001	9016	9067	9068
1550	1316	4565	11030	12308	12317	12319
1762	195	2876	8853	8907	10028	10030
2047	4946	8687	8688	8793	8794	10061
2250	881	2903	6310	10844	11168	11725
2388	806	2395	1437	3441	3816	8675
3370	3123	6456	6768	9792	9793	9795
4454	4294	10856	1867	11696	11757	11767
6043	128	8932	8949	9125	10048	10052
8632	6289	8848	8849	5115	8850	9178
256	1124	1907	1908	4461	10864
703	178	1075	4088	4115	9866
822	775	1027	9162	1439	9163
1105	544	1396	2901	4145	4182
2099	1245	6138	6211	9023	10837
2948	2687	2949	4447	4453	11684
3289	2863	6593	10073	10078	13575
3538	3814	4825	4826	8781	8956
3788	8656	8674	9094	13780	13781
4316	4470	9506	10891	11721	11888
87	445	4898	8978	9887
729	90	1864	2726	4480
1102	641	2515	10087	10088
1201	130	1880	4093	4948
1329	122	2048	4815	4889
1459	700	6028	8859	9320
1752	324	8870	9003	9422
1910	1895	2023	9522	3487
2269	1144	4119	4161	9974
2404	3855	3856	8639	8920
2447	1073	3945	7064	9373
2537	1143	4117	4127	13580
272	3778	3804	3838	8683
3042	1338	5164	5168	5189
3076	3068	3088	5265	13617
3077	124	5264	5270	13618
3081	109	5278	271	5281
3085	322	1584	9190	9191
3141	704	5064	9562	13802
3290	1756	3837	6127	8661
3324	3891	8728	8758	8759
4467	1304	4850	11577	11867
4834	4821	9237	9242	9248
6133	6178	7040	8881	9342
6564	2529	6566	6582	8933
10924	10765	10925	11922	11925
11729	11662	11770	11785	13873
94	3805	7252	8796
411	57	12723	13894
442	427	2877	2897
519	450	1456	9222
601	3876	9024	9152
771	187	979	2970
117	4846	4847	11669
1293	617	11190	11231
1415	376	2184	7355
1480	456	2939	4839
1527	731	1539	11185
1542	559	2945	2958
1783	1742	2480	8854
1884	618	2020	2646
2102	3492	4362	11990
2440	1069	9260	9272
516	2879	2899	8916
2614	3867	6191	8985
2706	565	2950	11596
2911	182	4240	10786
2932	471	11607	11633
3391	2528	6556	10062
3474	3138	5515	6300
3632	3628	3963	5985
3857	6176	8924	13754
4097	1690	6835	6901
4111	1779	7057	9304
4190	248	4210	10413
4518	4515	6678	10966
5496	2582	11170	11676
5532	5530	8741	13738
6375	4002	9581	9592
6449	4064	6469	9780
7165	5507	7166	7167
7246	511	9436	9438
7368	5420	10833	4296
8750	6471	9781	9790
8819	8826	9109	9124
9208	9206	9219	9231
10510	10842	11722	11887
10515	4325	10762	11924
10927	10764	11600	11601
10986	2739	11000	12161
11891	1307	11893	11903
453	335	3962
497	436	5095
589	147	7245
668	334	1034
829	197	13682
862	429	2880
883	3307	3878
910	730	11863
1087	286	4122
1156	993	2077
1452	9069	9088
1457	1253	9236
1655	650	6081
1675	570	13881
1701	1700	6334
1741	1646	8657
2151	865	6102
2398	102	3848
2431	893	9223
152	6090	7793
2621	727	10988
2684	2608	11621
2887	1422	13699
2892	1732	13715
2951	948	13870
2973	1575	4865
3134	235	8719
3292	3291	8815
3361	1813	9774
3394	6585	6586
3818	7481	9471
3928	3925	9299
4054	1665	13659
4112	1780	4220
4277	4211	10528
4394	4393	11287
4430	1865	11933
4540	85	11694
4545	2741	12183
4600	1509	12556
5324	1612	5481
6141	2403	9630
6206	402	11710
6395	3286	6897
6418	2145	9761
6432	6066	9771
6457	4065	8751
7055	2438	10545
7134	4787	9745
7200	3460	7253
7229	83	9892
7432	1269	7540
8610	8633	8682
8743	6844	13739
8860	4085	9341
9179	2176	9194
9218	1775	13788
9220	8647	9221
9278	7060	10546
10072	4814	10076
10452	1852	11951
10569	2161	10890
10889	947	11883
10926	4476	11602
10930	2676	11934
11061	4360	11074
11169	4375	13857
12697	12696	12698
13023	13022	13025
345	15
415	3862
757	4944
808	653
823	801
873	4942
923	258
987	769
1032	591
1055	708
1146	1139
1148	1976
1151	985
1386	1354
1416	1353
1682	1678
1739	683
1883	7186
1975	143
1977	493
1981	1597
1996	169
1998	437
2000	1736
2006	1795
2009	532
2016	1855
2017	249
2021	556
2022	1302
2067	189
2081	1154
2150	1234
2281	2090
2385	2140
2432	236
2475	157
303	5040
1092	4132
2615	1659
2661	2655
2752	1938
2753	1940
2760	2759
2878	3330
2902	239
2927	1515
2930	553
2931	616
2933	1521
2934	472
2935	473
2937	474
2938	554
2940	477
2944	558
2947	561
2952	481
2953	566
2954	1541
2955	567
2956	482
2957	483
2959	484
2965	1933
2966	1548
2967	1934
2968	1549
2969	628
3008	3006
3080	191
3103	3102
3114	3113
3124	1692
3303	9110
3318	1671
3341	9521
3407	11707
3430	3429
3452	2086
3541	226
3542	2289
3551	316
3569	317
3739	3468
3761	204
3789	3329
3812	2422
3820	3819
3831	866
3872	3985
3904	3903
3905	3888
3916	2433
3938	3935
3948	2450
3952	3951
3953	1789
3982	6183
4118	106
2203	7386
4298	4297
4348	4349
4369	4113
4432	68
4445	11549
4462	496
4463	2566
4500	4499
4521	4503
4568	1935
4668	3420
4672	3481
4833	3911
4835	1259
4866	631
4879	630
4901	4900
4941	8714
4986	4975
5088	5030
5176	5165
5177	5166
5249	3057
5267	5266
5275	190
5280	3082
5284	5283
5315	5233
5316	5250
5400	5069
5417	1699
5483	2181
5996	2327
6018	8790
6023	3920
6025	6026
6106	5398
6132	313
6174	3866
6202	6201
6220	9037
6273	800
6284	3280
6290	6128
6292	384
6314	6313
6315	3529
6390	6387
6407	2497
6414	4063
6437	6033
6463	4062
6470	6452
6721	6720
6733	6726
6740	6739
6789	168
6816	1688
6826	362
6864	6863
6924	6214
7000	3680
7042	7041
7162	6218
7163	2253
7237	3505
7254	7201
7257	7256
7369	1707
7371	7360
7377	7363
7563	7531
7597	5554
7609	7608
7765	1721
7795	2321
7813	6929
7825	7824
7900	7899
7964	2331
8073	3467
8374	3735
8464	8463
8583	6308
8587	9485
8629	1016
8664	3873
8670	3285
8677	1242
8746	6051
8770	8765
8778	1812
8792	8958
8909	10026
8938	6169
9046	9066
9089	4680
9105	7182
9159	6892
9164	9099
9210	1065
9211	154
9214	6293
9255	5259
6891	13687
9296	1778
9300	9275
9355	1462
9367	9361
9385	3954
9386	9376
9396	1289
9424	2392
9458	1713
9477	1418
9593	9579
9607	9606
9609	884
9641	1802
9674	4027
9756	1231
9782	6459
9787	6465
9797	8755
9903	7706
9920	3668
9935	701
10082	2642
10410	1848
10444	2562
10449	2563
10457	10455
10518	2637
10542	3536
10571	4315
10575	1857
10760	4427
10796	725
10808	10807
10824	1520
10830	6205
10839	11717
10886	1126
10959	4522
10989	10863
11029	11028
11060	11059
11066	11065
11107	7812
11140	1791
11179	11178
11204	2647
11230	11229
11256	10888
11326	11325
11364	11363
11429	10740
11439	11397
11520	11519
11546	1116
11548	1117
11550	1118
11551	1119
11567	10801
11590	3403
11592	942
11645	4433
11651	10798
11653	10799
11654	10800
11656	2672
11711	7366
11723	11724
11738	562
11780	11779
11791	10872
11794	10870
11799	11798
11802	1536
11839	1303
11840	6675
11846	11836
11871	1518
11880	11879
11881	2654
11897	4472
11913	2707
11920	10916
11941	10951
11997	10963
12005	6680
12083	4497
12164	10994
12175	11007
12274	4558
12362	12361
12367	12364
12405	4581
12493	11055
12510	4592
12573	12572
12579	12562
12580	4608
12584	2773
12588	1025
12624	7098
12718	4853
12919	12918
12972	4688
13091	13090
13109	13107
13120	4709
13216	13215
13257	1560
13262	6745
13285	13284
13311	1141
13318	1774
13414	13412
13439	7133
13553	6750
13563	5392
13577	13570
13593	10085
13602	268
13604	494
13613	5128
13615	2068
13620	498
13626	2085
13643	501
13644	502
13661	9768
13690	7071
13691	1686
13695	7310
13700	1705
13718	854
13719	2352
13721	855
13724	3760
13732	8662
13737	8740
13743	8855
13744	8858
13789	694
13799	9482
13853	11919
13855	11019
13871	255
13883	12228
13885	13884
13896	12802
13900	266
13904	13211
13906	4755
13908	13470
19
29
75
82
107
120
127
177
205
240
269
273
289
296
297
311
341
344
347
349
377
400
403
404
491
552
639
649
736
778
779
798
804
832
833
838
840
864
885
922
967
970
978
981
1017
1021
1059
1061
1095
1109
1111
1227
1244
1260
1306
1357
1360
1389
1408
1449
1454
1482
1494
1516
1523
1535
1651
1669
1747
1753
1888
1900
2025
2080
2083
895
1643
2084
2163
2168
2170
2171
2172
2177
2178
2223
2387
2399
2402
2508
2513
2560
232
329
428
457
1093
1229
1279
1583
1737
1771
2396
2407
2472
2599
2601
2617
2619
689
1438
2627
2737
2853
2154
2386
2476
2884
2886
2909
2983
3084
3090
3130
3302
3313
3314
3333
3355
3365
3405
3779
3781
3790
3806
3808
3817
3853
3880
3901
3942
3979
4087
4102
4202
4206
4086
4241
4242
4314
4341
4373
4441
4442
4495
4838
4863
4912
4940
4949
4951
4952
5042
5049
5050
5053
5089
706
5294
5323
5361
5362
5367
5375
5380
5394
5471
5476
5486
5986
6029
6084
6110
6111
3823
6126
6129
6158
6181
6186
3785
6194
6198
6222
6229
6271
6286
6287
6294
6302
6306
6322
6323
6376
6381
6436
6488
6492
6496
6509
6522
6523
6534
6587
6588
6595
6596
6665
6676
6742
6798
6806
6811
6839
7085
7090
7169
7208
7226
8586
8588
8589
8593
8594
8595
8600
8607
8608
8611
8614
8623
8634
8635
8637
8663
8665
8673
8680
8681
8715
8720
8721
8724
8726
8729
8761
8784
8785
8805
8847
8852
8867
8874
8876
8886
8903
8905
8906
8908
8913
8914
8915
8922
8929
8945
8959
8961
8962
8964
8975
8989
8990
8998
9004
9017
9018
9022
9039
9042
9049
9064
9074
9075
9091
9142
9150
9287
1235
6038
9510
9528
9531
9744
9772
9773
9820
9842
8926
9856
9865
9867
9868
9869
9870
9883
9925
9926
10010
10024
10025
10040
10489
10509
2153
3335
6042
8654
9530
10534
10536
10537
10606
10746
10754
10791
10817
10841
10887
10956
10958
10978
10979
10998
11177
11180
11188
11189
11196
11545
11562
11679
11699
11705
11708
11709
11715
11726
11771
11784
11884
11991
12154
12159
12529
12530
13625
13658
13676
13731
13735
13747
13750
13753
13756
13758
13773
13776
13786
13807
13818
13830
13850
4
9
10
22
24
25
32
33
34
35
36
37
38
39
40
41
42
43
44
45
46
47
48
49
50
51
52
53
54
55
56
59
60
61
62
64
71
72
77
79
89
92
103
104
105
110
114
115
118
119
121
126
131
137
142
158
159
160
161
167
170
192
194
196
198
199
201
202
203
208
209
218
220
221
222
227
228
229
230
231
237
238
241
244
246
247
252
253
254
259
260
261
263
264
265
267
277
280
285
287
290
291
295
298
300
305
306
323
330
331
339
340
342
350
352
357
359
366
367
368
369
370
371
375
381
388
390
393
394
397
398
399
410
412
413
416
417
420
430
433
434
468
470
476
478
486
492
499
500
509
510
513
520
521
522
523
524
525
526
527
530
531
533
534
535
536
537
538
539
540
541
542
555
557
563
564
568
571
572
573
575
576
577
578
579
584
586
587
588
590
593
595
597
602
605
611
613
619
620
621
622
623
626
627
634
635
636
640
647
652
658
665
666
673
674
676
677
678
679
680
681
682
684
690
692
695
696
699
702
705
710
712
714
717
718
719
723
724
728
733
738
739
740
742
744
746
747
748
749
750
751
752
754
755
758
759
760
761
762
764
765
766
767
772
774
781
793
797
803
807
809
824
825
826
827
828
830
831
834
835
836
837
839
843
844
850
852
853
856
857
858
859
860
861
867
871
874
876
878
879
890
892
894
896
897
905
907
909
915
916
917
919
933
939
943
944
945
950
951
952
953
966
969
971
972
974
977
980
982
983
986
994
995
1022
1029
1033
1035
1036
1037
1038
1044
1045
1046
1047
1048
1050
1057
1066
1067
1071
1072
1074
1076
1085
1094
1096
1097
1098
1099
1100
1101
1104
1112
1115
1120
1123
1125
1127
1130
1133
1135
1137
1138
1140
1145
1149
1150
1153
1158
1172
1173
1175
1177
1185
1187
1189
1190
1191
1192
1196
1198
1199
1200
1202
1203
1206
1215
1218
1219
1221
1224
1225
1239
1240
1251
1252
1261
1262
1263
1264
1266
1267
1268
1270
1271
1272
1274
1280
1281
1284
1286
1287
1290
1291
1292
1297
1298
1300
1308
1310
1311
1313
1314
1315
1317
1318
1319
1320
1321
1322
1323
1324
1325
1326
1328
1333
1334
1335
1336
1337
1339
1340
1341
1342
1343
1344
1345
1346
1348
1351
1356
1372
1373
1381
1383
1384
1385
1387
1388
1390
1391
1393
1394
1401
1402
1403
1404
1405
1409
1410
1412
1419
1420
1421
1424
1426
1427
1429
1432
1433
1440
1441
1444
1445
1458
1460
1461
1463
1464
1465
1466
1467
1468
1473
1478
1487
1488
1490
1491
1492
1493
1495
1496
1497
1503
1504
1505
1506
1507
1514
1522
1524
1525
1526
1533
1534
1537
1538
1540
1543
1544
1545
1551
1552
1553
1554
1555
1556
1557
1558
1559
1561
1562
1563
1564
1565
1566
1567
1568
1569
1570
1574
1577
1579
1580
1581
1582
1585
1588
1589
1593
1594
1595
1596
1604
1607
1609
1610
1615
1616
1638
1642
1645
1648
1649
1650
1652
1656
1657
1663
1664
1666
1677
1679
1680
1683
1684
1685
1687
1689
1691
1693
1694
1695
1696
1698
1704
1708
1709
1710
1711
1714
1715
1720
1724
1725
1726
1727
1728
1729
1730
1731
1733
1734
1735
1743
1748
1749
1755
1758
1761
1763
1767
1770
1773
1776
1782
1784
1785
1787
1788
1790
1792
1793
1796
1797
1798
1800
1801
1808
1809
1810
1811
1817
1818
1823
1825
1826
1827
1828
1829
1830
1831
1832
1833
1834
1835
1840
1845
1846
1847
1849
1850
1851
1854
1861
1863
1866
1868
1869
1871
1872
1873
1874
1875
1877
1878
1882
1885
1887
1889
1890
1892
1893
1894
1896
1897
1901
1905
1906
1911
1912
1916
1917
1918
1919
1920
1924
1925
1931
1932
1936
1937
1939
1941
1942
1943
1944
1945
1946
1947
1948
1949
1950
1951
1952
1953
1954
1955
1956
1957
1958
1959
1960
1961
1962
1963
1964
1965
1966
1967
1968
1969
1970
1971
1972
1973
1994
1999
2012
2015
2019
2027
2028
2033
2037
2038
2039
2040
2042
2043
2046
2049
2050
2052
2058
2063
2064
2066
2069
2071
2072
2074
2078
2087
2091
2092
2097
2098
2103
2138
2139
2141
2142
2143
2147
2148
2149
2152
2155
2158
2160
2164
2165
2166
2173
2179
2180
2183
2187
2188
2189
2190
2191
2192
2193
2196
2197
2198
2201
2202
2204
2205
2208
2209
2210
2213
2214
2215
2216
2219
2220
2221
2226
2227
2228
2229
2230
2231
2232
2233
2234
2235
2245
2248
2249
2251
2252
2256
2257
2258
2259
2261
2262
2263
2264
2265
2266
2267
2268
2270
2271
2275
2276
2277
2278
2279
2280
2283
2284
2285
2286
2287
2290
2292
2293
2294
2299
2300
2302
2303
2309
2312
2313
2315
2317
2318
2319
2320
2322
2323
2324
2325
2328
2329
2332
2335
2336
2337
2338
2339
2340
2341
2342
2347
2348
2349
2350
2351
2353
2355
2356
2357
2358
2359
2360
2361
2362
2363
2364
2365
2367
2368
2369
2371
2372
2373
2375
2377
2378
2380
2383
2384
2408
2409
2426
2427
2428
2429
2435
2436
2437
2439
2441
2442
2445
2446
2448
2451
2452
2455
2456
2458
2459
2463
2464
2469
2470
2471
2478
2479
2481
2483
2496
2498
2499
2500
2501
2504
2505
2506
2507
2510
2511
2512
2514
2516
2517
2518
2519
2520
2521
2522
2523
2524
2525
2527
2530
2531
2532
2535
2539
2540
2546
2547
2548
2549
2550
2551
2552
2553
2555
2556
2564
2567
2568
2574
2576
2583
2584
2585
2596
2600
2602
2603
2604
2605
2606
2609
2610
2611
2612
2613
2618
2622
2625
2628
2629
2630
2632
2633
2634
2636
2639
2640
2641
2643
2648
2649
2651
2653
2657
2658
2659
2660
2662
2663
2664
2665
2666
2667
2668
2669
2670
2671
2673
2675
2677
2678
2679
2680
2681
2685
2686
2688
2690
2694
2695
2696
2697
2698
2700
2703
2704
2708
2709
2710
2711
2712
2713
2714
2715
2716
2717
2718
2719
2722
2723
2727
2729
2730
2731
2732
2733
2734
2742
2743
2744
2746
2747
2748
2749
2750
2751
2754
2756
2757
2758
2761
2762
2763
2764
2766
2767
2769
2770
2771
2772
2775
2776
2777
2778
2779
2780
2781
2782
2783
2784
2785
2786
2787
2788
2789
2790
2791
2792
2793
2796
2797
2798
2800
2803
2804
2806
2807
2808
2809
2811
2812
2813
2814
2815
2816
2817
2820
2821
2822
2823
2824
2825
2826
2827
2828
2829
2830
2831
2832
2833
2835
2836
2837
2838
2839
2840
2841
2842
2844
2845
2847
2848
2850
2851
2854
2855
2857
2859
2860
2861
2862
2874
2881
2882
2888
2889
2905
2910
2928
2936
2941
2963
2975
2978
2980
2981
2984
2986
2987
2993
2994
2995
2996
2997
3004
3005
3014
3015
3016
3017
3020
3021
3022
3024
3026
3035
3036
3037
3038
3039
3040
3041
3046
3047
3048
3050
3051
3052
3054
3058
3059
3060
3062
3063
3064
3066
3067
3069
3070
3071
3072
3073
3074
3075
3086
3087
3089
3099
3100
3105
3106
3109
3110
3111
3112
3115
3117
3119
3126
3127
3128
3129
3131
3132
3133
3140
3142
3149
3152
3154
3158
3159
3160
3162
3269
3270
3271
3272
3273
3274
3275
3276
3278
3293
3294
3295
3299
3300
3309
3312
3319
3320
3322
3323
3325
3337
3340
3343
3345
3348
3349
3351
3354
3357
3358
3359
3362
3364
3366
3367
3371
3372
3373
3374
3382
3384
3385
3386
3387
3388
3389
3390
3393
3395
3396
3397
3399
3402
3404
3409
3410
3411
3412
3413
3414
3415
3416
3417
3418
3419
3423
3424
3426
3427
3428
3431
3432
3433
3435
3439
3440
3443
3444
3446
3447
3448
3453
3454
3455
3457
3459
3461
3470
3471
3472
3473
3475
3476
3477
3478
3479
3480
3482
3483
3484
3485
3486
3489
3494
3495
3496
3497
3500
3506
3507
3508
3509
3510
3511
3512
3513
3514
3515
3517
3518
3519
3520
3521
3522
3523
3524
3525
3527
3530
3531
3532
3533
3534
3535
3537
3539
3547
3548
3549
3550
3552
3556
3557
3558
3559
3561
3563
3564
3565
3577
3579
3581
3582
3586
3590
3602
3604
3606
3610
3612
3618
3619
3622
3624
3627
3630
3631
3633
3634
3635
3637
3638
3639
3640
3641
3642
3643
3644
3645
3646
3647
3648
3650
3651
3652
3653
3654
3655
3656
3657
3658
3659
3660
3661
3662
3663
3664
3665
3666
3667
3669
3670
3671
3672
3673
3674
3675
3676
3677
3681
3682
3683
3685
3686
3687
3688
3689
3690
3691
3692
3693
3694
3695
3696
3697
3698
3699
3700
3702
3703
3704
3708
3709
3710
3711
3712
3713
3714
3715
3716
3717
3721
3722
3723
3724
3725
3726
3727
3728
3729
3730
3731
3732
3733
3734
3736
3737
3738
3740
3741
3742
3743
3745
3746
3747
3748
3749
3750
3751
3752
3753
3754
3755
3757
3758
3759
3762
3763
3767
3768
3769
3770
3772
3773
3774
3775
3776
3786
3787
3792
3793
3794
3795
3796
3797
3798
3799
3810
3811
3822
3824
3827
3832
3833
3834
3835
3843
3854
3858
3860
3861
3865
3868
3869
3870
3871
3879
3890
3894
3899
3900
3902
3906
3907
3908
3909
3910
3912
3913
3914
3917
3918
3919
3922
3927
3929
3930
3932
3933
3934
3936
3939
3943
3947
3955
3960
3961
3964
3968
3969
3970
3972
3973
3978
3981
3983
3986
3992
3994
3995
3996
3997
3998
3999
4000
4001
4003
4004
4005
4006
4007
4012
4015
4017
4019
4020
4021
4022
4023
4024
4028
4051
4052
4055
4059
4060
4061
4066
4067
4068
4069
4070
4071
4072
4073
4075
4077
4079
4080
4082
4083
4091
4092
4094
4098
4099
4100
4104
4106
4107
4114
4116
4121
4123
4124
4125
4129
4130
4131
4137
4139
4141
4142
4144
4146
4147
4148
4149
4150
4154
4155
4159
4160
4172
4173
4174
4175
4176
4177
4178
4179
4180
4181
4183
4184
4191
4192
4195
4196
4197
4198
4199
4200
4201
4207
4208
4209
4212
4213
4214
4215
4216
4217
4218
4221
4225
4226
4227
4238
4264
4265
4266
4267
4268
4269
4270
4271
4274
4275
4276
4278
4279
4281
4284
4285
4286
4287
4290
4291
4292
4293
4295
4300
4301
4302
4303
4304
4305
4308
4311
4313
4317
4318
4321
4322
4323
4324
4326
4327
4329
4332
4333
4334
4335
4336
4337
4338
4339
4342
4343
4344
4345
4346
4347
4353
4354
4355
4356
4357
4359
4363
4367
4368
4372
4378
4379
4380
4381
4382
4383
4386
4387
4388
4389
4391
4392
4395
4396
4397
4399
4402
4403
4404
4405
4406
4407
4408
4410
4411
4412
4413
4414
4415
4416
4417
4418
4419
4420
4421
4423
4424
4428
4431
4434
4435
4437
4438
4439
4440
4443
4448
4457
4458
4460
4464
4465
4468
4469
4471
4473
4477
4478
4479
4482
4484
4485
4486
4487
4488
4489
4490
4491
4493
4494
4496
4498
4502
4504
4506
4516
4517
4519
4520
4523
4524
4525
4526
4527
4528
4529
4532
4533
4534
4535
4536
4537
4541
4542
4543
4546
4547
4548
4550
4551
4552
4553
4554
4555
4556
4557
4559
4561
4562
4563
4564
4566
4567
4569
4570
4571
4573
4574
4575
4576
4577
4580
4582
4583
4584
4585
4586
4587
4588
4589
4590
4591
4593
4596
4598
4599
4601
4602
4603
4604
4605
4606
4607
4610
4611
4612
4613
4614
4615
4616
4618
4619
4620
4621
4622
4623
4624
4625
4626
4628
4629
4630
4631
4632
4633
4636
4637
4640
4642
4643
4644
4646
4647
4649
4650
4651
4652
4653
4654
4655
4656
4657
4658
4659
4660
4661
4662
4664
4665
4666
4667
4669
4670
4673
4674
4675
4676
4677
4678
4679
4681
4682
4686
4692
4695
4696
4697
4698
4699
4700
4702
4703
4705
4706
4707
4708
4711
4712
4713
4714
4715
4716
4718
4722
4723
4724
4725
4726
4727
4728
4729
4730
4731
4733
4734
4735
4736
4737
4739
4740
4741
4742
4743
4744
4745
4746
4747
4748
4749
4750
4753
4754
4756
4757
4758
4759
4760
4761
4763
4764
4765
4767
4768
4770
4771
4772
4773
4774
4775
4776
4777
4778
4783
4785
4786
4788
4789
4790
4793
4795
4796
4797
4798
4800
4802
4803
4804
4805
4806
4818
4819
4823
4824
4844
4848
4849
4857
4868
4871
4872
4873
4874
4875
4876
4877
4880
4881
4890
4891
4892
4893
4894
4899
4904
4906
4907
4908
4910
4911
4917
4919
4920
4922
4924
4925
4926
4928
4929
4931
4932
4934
4935
4936
4937
4938
4956
4957
4961
4962
4967
4968
4969
4970
4971
4972
4973
4974
4976
4977
4978
4979
4980
4981
4982
4984
4985
4988
4989
4990
4991
4992
4993
4994
4996
4997
4998
4999
5000
5001
5003
5004
5005
5006
5009
5010
5011
5012
5013
5014
5015
5016
5018
5019
5021
5022
5023
5024
5025
5026
5028
5033
5037
5038
5043
5047
5048
5054
5055
5056
5057
5058
5059
5060
5061
5065
5066
5067
5068
5070
5071
5072
5073
5074
5075
5077
5078
5079
5083
5085
5091
5092
5096
5104
5107
5113
5116
5118
5126
5127
5131
5134
5138
5139
5140
5141
5142
5144
5146
5147
5148
5149
5150
5152
5155
5156
5157
5158
5159
5160
5161
5162
5163
5167
5169
5170
5171
5173
5174
5179
5181
5183
5184
5185
5188
5190
5191
5192
5193
5194
5195
5196
5198
5199
5200
5202
5203
5204
5205
5206
5209
5210
5211
5212
5215
5218
5219
5220
5221
5222
5224
5226
5227
5230
5231
5232
5236
5237
5238
5243
5245
5246
5247
5251
5252
5253
5255
5256
5257
5258
5260
5262
5263
5276
5277
5282
5285
5286
5287
5288
5289
5290
5292
5295
5306
5307
5311
5312
5314
5317
5320
5322
5363
5364
5366
5370
5371
5376
5384
5385
5386
5388
5389
5390
5395
5396
5405
5406
5407
5408
5409
5411
5412
5413
5414
5415
5416
5418
5419
5421
5422
5423
5426
5427
5428
5429
5430
5431
5432
5433
5437
5440
5470
5472
5473
5474
5475
5477
5480
5482
5484
5487
5488
5489
5490
5491
5492
5493
5494
5495
5497
5498
5499
5508
5509
5510
5511
5512
5513
5514
5518
5519
5520
5521
5523
5524
5525
5526
5527
5529
5534
5535
5536
5539
5540
5543
5544
5545
5546
5547
5549
5551
5556
5558
5565
5570
5573
5988
5990
5993
5994
5997
5998
6000
6001
6002
6003
6005
6008
6009
6010
6011
6012
6014
6015
6016
6019
6020
6030
6031
6047
6048
6050
6053
6054
6055
6058
6060
6061
6063
6064
6065
6067
6069
6072
6073
6074
6075
6076
6077
6078
6079
6080
6082
6085
6086
6087
6092
6093
6094
6098
6099
6100
6101
6103
6104
6105
6107
6108
6109
6113
6114
6122
6123
6124
6125
6131
6134
6136
6137
6148
6151
6152
6154
6155
6156
6157
6160
6162
6163
6165
6166
6167
6171
6173
6179
6180
6185
6188
6190
6192
6193
6196
6203
6208
6209
6217
6221
6223
6227
6231
6232
6239
6240
6243
6244
6245
6246
6249
6250
6253
6255
6256
6261
6263
6264
6265
6266
6267
6268
6269
6270
6276
6277
6278
6279
6280
6281
6282
6283
6285
6288
6296
6297
6298
6305
6307
6309
6311
6312
6317
6318
6319
6320
6325
6326
6328
6329
6330
6331
6333
6336
6337
6338
6339
6340
6341
6342
6343
6344
6345
6346
6347
6348
6349
6350
6351
6352
6353
6354
6355
6356
6358
6359
6360
6361
6364
6378
6379
6380
6382
6385
6386
6388
6389
6391
6393
6394
6396
6397
6398
6399
6400
6401
6402
6403
6404
6406
6408
6410
6411
6412
6413
6415
6416
6417
6419
6421
6422
6426
6427
6429
6430
6431
6435
6441
6442
6444
6445
6446
6450
6451
6454
6455
6458
6460
6461
6462
6466
6468
6472
6473
6475
6476
6477
6479
6480
6481
6483
6484
6485
6487
6489
6490
6491
6493
6495
6497
6498
6499
6500
6502
6503
6504
6507
6508
6511
6516
6517
6518
6519
6520
6521
6525
6526
6527
6528
6532
6533
6538
6539
6545
6546
6547
6552
6553
6555
6558
6561
6562
6563
6565
6567
6568
6569
6570
6572
6573
6574
6575
6576
6577
6578
6580
6583
6584
6589
6591
6592
6597
6599
6600
6601
6602
6664
6667
6669
6672
6677
6679
6681
6683
6687
6688
6689
6690
6691
6692
6693
6694
6695
6697
6698
6700
6702
6703
6707
6709
6710
6711
6712
6713
6714
6716
6717
6718
6719
6723
6724
6725
6727
6729
6730
6731
6732
6734
6736
6737
6738
6741
6743
6744
6746
6747
6748
6749
6751
6752
6753
6755
6756
6757
6758
6759
6760
6761
6764
6765
6766
6767
6769
6770
6771
6772
6773
6774
6775
6776
6777
6778
6780
6782
6783
6784
6785
6790
6792
6794
6797
6802
6803
6805
6807
6808
6809
6810
6813
6814
6815
6817
6818
6819
6820
6821
6822
6823
6824
6825
6828
6829
6830
6831
6832
6833
6834
6836
6837
6838
6842
6843
6847
6848
6849
6850
6851
6852
6853
6854
6855
6856
6857
6858
6860
6861
6862
6865
6866
6867
6868
6869
6871
6872
6873
6874
6876
6877
6880
6881
6882
6887
6888
6889
6890
6893
6894
6895
6898
6899
6900
6902
6904
6905
6906
6907
6908
6909
6910
6911
6912
6913
6914
6915
6916
6920
6922
6926
6928
6982
6984
6985
6986
6989
6990
6991
6994
6995
6996
6997
6999
7001
7002
7003
7004
7005
7006
7007
7008
7009
7010
7011
7012
7013
7014
7015
7018
7019
7020
7021
7022
7023
7024
7025
7026
7027
7028
7029
7030
7032
7033
7034
7036
7037
7038
7039
7043
7044
7045
7046
7047
7050
7054
7056
7059
7061
7063
7065
7066
7068
7069
7070
7072
7073
7077
7078
7079
7084
7086
7087
7089
7091
7092
7093
7094
7097
7099
7100
7102
7103
7105
7106
7107
7108
7109
7110
7111
7112
7113
7114
7116
7118
7120
7121
7122
7123
7124
7125
7126
7128
7129
7130
7131
7132
7135
7136
7137
7138
7139
7140
7141
7143
7144
7150
7151
7152
7158
7159
7161
7164
7168
7171
7172
7174
7175
7176
7177
7178
7179
7180
7181
7183
7184
7185
7188
7194
7195
7196
7197
7199
7202
7203
7204
7205
7207
7213
7214
7217
7218
7221
7222
7224
7227
7228
7230
7231
7232
7233
7234
7236
7238
7240
7242
7243
7244
7248
7250
7251
7260
7263
7265
7266
7267
7268
7269
7270
7271
7272
7273
7274
7275
7276
7277
7278
7279
7281
7282
7283
7284
7288
7289
7290
7291
7293
7294
7296
7297
7298
7299
7300
7301
7303
7304
7305
7307
7308
7309
7311
7313
7315
7320
7321
7322
7323
7324
7325
7326
7328
7329
7330
7331
7332
7333
7334
7335
7337
7338
7339
7340
7341
7342
7343
7344
7345
7346
7347
7348
7351
7352
7356
7362
7364
7365
7367
7370
7373
7374
7376
7378
7379
7380
7381
7383
7384
7385
7389
7391
7392
7393
7394
7396
7397
7399
7401
7402
7403
7404
7405
7409
7410
7411
7412
7413
7414
7416
7417
7423
7428
7430
7431
7434
7437
7438
7439
7441
7442
7444
7445
7446
7447
7448
7449
7451
7454
7458
7459
7460
7463
7464
7465
7466
7468
7469
7470
7471
7472
7473
7474
7476
7477
7478
7479
7480
7482
7483
7485
7488
7490
7491
7494
7495
7498
7502
7503
7504
7507
7508
7509
7511
7512
7514
7518
7519
7520
7521
7522
7524
7525
7526
7527
7528
7541
7543
7544
7546
7547
7548
7549
7554
7557
7558
7559
7564
7582
7586
7587
7588
7589
7590
7592
7593
7594
7596
7598
7600
7601
7602
7603
7604
7605
7625
7626
7628
7630
7632
7634
7635
7638
7639
7641
7644
7668
7669
7670
7671
7693
7697
7698
7699
7700
7701
7702
7709
7716
7717
7718
7733
7734
7735
7743
7751
7756
7758
7759
7760
7761
7762
7764
7766
7767
7768
7769
7777
7782
7787
7791
7797
7798
7799
7800
7801
7804
7806
7807
7808
7809
7810
7814
7815
7816
7817
7818
7819
7820
7821
7823
7826
7827
7828
7829
7830
7831
7832
7833
7834
7840
7842
7844
7845
7848
7849
7850
7851
7852
7853
7855
7856
7857
7858
7859
7860
7862
7863
7864
7865
7867
7868
7871
7872
7873
7874
7875
7876
7877
7878
7879
7880
7881
7882
7883
7884
7885
7886
7887
7888
7889
7890
7891
7892
7894
7895
7897
7898
7901
7902
7903
7904
7905
7906
7909
7910
7911
7912
7914
7915
7916
7917
7918
7919
7920
7922
7923
7924
7925
7926
7927
7929
7930
7931
7932
7933
7934
7935
7936
7937
7938
7939
7940
7941
7942
7943
7944
7945
7946
7947
7948
7949
7950
7951
7952
7953
7954
7955
7956
7957
7958
7959
7960
7961
7962
7963
7965
7966
7967
7968
7969
7970
7971
7972
7973
7974
7976
7977
7978
7979
7980
7981
7982
7983
7985
7986
7987
7988
7989
7991
7992
7993
7994
7996
7997
7998
7999
8000
8001
8002
8003
8004
8005
8006
8007
8008
8009
8010
8011
8012
8014
8015
8016
8017
8018
8021
8022
8023
8024
8026
8027
8029
8030
8031
8032
8033
8034
8035
8036
8037
8038
8039
8040
8041
8042
8043
8044
8045
8046
8048
8049
8050
8052
8053
8054
8055
8056
8057
8058
8059
8060
8061
8063
8064
8065
8070
8071
8072
8074
8075
8076
8077
8079
8081
8082
8083
8084
8085
8087
8088
8089
8090
8091
8092
8093
8094
8095
8096
8097
8098
8101
8103
8104
8105
8106
8107
8108
8109
8110
8111
8112
8113
8114
8115
8116
8121
8122
8123
8125
8126
8127
8128
8129
8130
8131
8132
8133
8135
8136
8137
8138
8139
8140
8141
8142
8143
8144
8145
8146
8147
8148
8149
8150
8151
8152
8153
8154
8155
8156
8157
8159
8160
8161
8162
8163
8164
8165
8166
8167
8168
8169
8170
8171
8174
8175
8176
8177
8178
8179
8180
8181
8182
8183
8184
8185
8186
8188
8190
8192
8193
8194
8196
8197
8198
8199
8200
8201
8204
8205
8206
8207
8208
8209
8210
8211
8212
8213
8214
8216
8217
8218
8219
8220
8221
8222
8223
8224
8226
8227
8228
8231
8232
8233
8234
8235
8236
8237
8238
8239
8240
8241
8242
8243
8245
8246
8247
8248
8249
8250
8252
8253
8254
8256
8257
8258
8259
8261
8262
8263
8264
8265
8266
8267
8268
8269
8270
8271
8272
8274
8275
8276
8277
8278
8279
8280
8282
8283
8284
8285
8289
8290
8291
8292
8293
8294
8295
8296
8298
8299
8300
8301
8302
8303
8304
8305
8306
8307
8308
8309
8310
8311
8312
8314
8315
8316
8318
8319
8320
8321
8322
8323
8326
8328
8329
8330
8331
8332
8333
8334
8335
8336
8337
8338
8340
8341
8342
8343
8344
8345
8346
8347
8349
8350
8352
8353
8354
8355
8360
8362
8363
8366
8367
8369
8370
8371
8373
8375
8376
8377
8378
8379
8381
8383
8384
8385
8386
8387
8388
8389
8390
8391
8392
8393
8394
8396
8397
8398
8399
8400
8402
8403
8404
8405
8406
8407
8408
8409
8410
8411
8412
8413
8414
8415
8416
8418
8419
8420
8421
8422
8423
8424
8425
8426
8427
8428
8430
8431
8432
8433
8435
8436
8437
8438
8439
8440
8441
8442
8443
8445
8449
8450
8452
8454
8455
8456
8457
8459
8460
8461
8462
8465
8466
8467
8468
8469
8470
8471
8472
8474
8475
8476
8477
8478
8479
8480
8481
8482
8483
8484
8485
8486
8487
8488
8489
8490
8491
8492
8493
8494
8495
8497
8498
8499
8500
8501
8502
8503
8504
8505
8506
8507
8508
8509
8510
8512
8513
8514
8515
8516
8517
8518
8519
8520
8521
8523
8524
8525
8526
8527
8528
8529
8530
8531
8532
8533
8534
8535
8536
8537
8538
8539
8540
8542
8543
8544
8545
8546
8547
8548
8549
8550
8551
8552
8553
8554
8555
8556
8557
8558
8559
8560
8561
8562
8563
8564
8565
8566
8567
8568
8569
8570
8571
8573
8574
8575
8576
8577
8579
8580
8581
8582
8584
8585
8601
8603
8604
8605
8606
8609
8615
8616
8618
8619
8621
8622
8626
8628
8631
8640
8642
8643
8644
8646
8655
8659
8660
8666
8667
8669
8678
8693
8701
8702
8703
8704
8705
8706
8707
8709
8710
8711
8712
8713
8718
8727
8731
8734
8735
8736
8737
8745
8748
8749
8752
8753
8754
8756
8757
8762
8763
8766
8767
8768
8780
8795
8798
8799
8800
8801
8802
8803
8806
8807
8809
8811
8812
8813
8814
8816
8817
8820
8821
8829
8830
8831
8833
8834
8835
8836
8837
8838
8840
8841
8842
8843
8844
8845
8846
8856
8862
8863
8872
8873
8879
8889
8890
8892
8893
8894
8895
8896
8897
8899
8900
8901
8902
8904
8917
8918
8925
8927
8928
8937
8940
8941
8942
8950
8951
8960
8963
8966
8968
8969
8983
8986
8987
8988
8991
8992
8996
9000
9020
9050
9051
9065
9087
9093
9100
9101
9102
9104
9107
9111
9119
9121
9122
9126
9127
9128
9130
9132
9137
9138
9149
9151
9153
9154
9155
9156
9161
9165
9166
9167
9169
9170
9171
9173
9174
9175
9176
9177
9180
9181
9182
9184
9185
9187
9188
9189
9195
9197
9198
9200
9201
9202
9203
9207
9209
9213
9215
9216
9217
9225
9226
9229
9230
9232
9233
9234
9235
9238
9239
9240
9245
9247
9249
9254
9256
9257
9258
9261
9263
9264
9265
9266
9267
9268
9269
9270
9271
9273
9274
9276
9277
9280
9281
9282
9283
9288
9289
9290
9291
9292
9293
9294
9295
9297
9301
9302
9303
9305
9306
9307
9308
9309
9310
9311
9313
9314
9315
9316
9317
9318
9319
9321
9322
9323
9324
9327
9328
9329
9330
9331
9332
9335
9338
9339
9340
9345
9346
9347
9348
9350
9351
9352
9357
9358
9362
9363
9364
9366
9368
9369
9370
9371
9372
9374
9375
9377
9378
9379
9380
9381
9382
9383
9384
9388
9389
9390
9391
9392
9393
9394
9395
9397
9398
9400
9401
9403
9404
9405
9406
9407
9408
9409
9410
9411
9412
9413
9414
9415
9416
9417
9418
9419
9420
9421
9427
9430
9431
9435
9437
9440
9441
9442
9443
9448
9449
9452
9454
9455
9459
9464
9467
9468
9472
9473
9478
9479
9480
9481
9483
9484
9490
9498
9499
9500
9501
9503
9504
9507
9513
9514
9515
9523
9524
9525
9526
9529
9543
9545
9546
9547
9548
9549
9550
9552
9558
9559
9563
9564
9565
9566
9567
9568
9569
9571
9572
9573
9574
9575
9576
9577
9591
9594
9595
9596
9597
9598
9599
9601
9602
9604
9605
9610
9611
9612
9615
9617
9618
9619
9620
9621
9622
9623
9624
9625
9626
9627
9629
9632
9635
9638
9642
9643
9649
9651
9654
9655
9657
9662
9663
9665
9666
9667
9669
9671
9672
9673
9675
9677
9746
9747
9748
9749
9750
9755
9757
9758
9759
9760
9762
9763
9765
9769
9775
9776
9777
9778
9779
9783
9784
9785
9786
9791
9794
9796
9798
9799
9802
9803
9804
9805
9806
9807
9808
9809
9810
9811
9813
9814
9815
9816
9817
9818
9819
9821
9822
9824
9826
9827
9828
9833
9836
9838
9839
9843
9845
9847
9855
9858
9859
9864
9871
9872
9878
9880
9881
9882
9884
9885
9890
9894
9895
9896
9900
9901
9902
9905
9906
9907
9916
9917
9918
9919
9927
9928
9930
9933
9934
9936
9945
9946
9949
9950
9952
9953
9955
9956
9957
9958
9960
9961
9962
9963
9964
9965
9966
9967
9968
9969
9970
9971
9972
9973
9975
9976
9981
9982
9984
9985
9986
9987
9988
9990
9991
9993
9994
9998
9999
10002
10003
10004
10005
10008
10009
10012
10013
10015
10020
10021
10022
10023
10031
10032
10033
10035
10038
10041
10042
10043
10044
10046
10047
10049
10050
10051
10055
10056
10057
10059
10060
10064
10065
10068
10074
10075
10080
10081
10084
10086
10089
10093
10095
10101
10109
10110
10121
10122
10124
10125
10126
10128
10129
10130
10131
10132
10133
10134
10135
10136
10137
10138
10139
10140
10142
10143
10148
10149
10150
10151
10152
10153
10154
10155
10156
10157
10158
10161
10409
10411
10412
10416
10417
10418
10419
10421
10424
10425
10426
10427
10429
10430
10433
10437
10439
10441
10442
10443
10445
10446
10447
10448
10450
10451
10456
10458
10459
10460
10461
10463
10464
10465
10466
10467
10468
10469
10471
10472
10473
10474
10479
10480
10481
10482
10490
10493
10494
10506
10507
10508
10512
10513
10517
10519
10520
10521
10522
10525
10526
10527
10529
10530
10533
10535
10538
10539
10540
10541
10544
10548
10549
10550
10559
10560
10561
10562
10563
10564
10565
10566
10567
10568
10570
10572
10573
10574
10576
10577
10578
10580
10593
10594
10595
10596
10597
10602
10604
10607
10608
10609
10610
10720
10721
10722
10723
10724
10725
10726
10727
10728
10729
10730
10731
10732
10733
10734
10735
10736
10737
10738
10741
10742
10745
10747
10748
10749
10750
10753
10755
10756
10757
10759
10761
10766
10767
10769
10770
10772
10773
10774
10776
10777
10778
10779
10780
10781
10782
10783
10784
10785
10787
10788
10789
10790
10792
10793
10794
10795
10797
10802
10803
10805
10806
10809
10810
10812
10815
10818
10819
10820
10821
10823
10825
10826
10827
10829
10831
10832
10834
10836
10838
10840
10843
10845
10848
10849
10850
10851
10852
10853
10855
10857
10858
10859
10860
10862
10865
10866
10867
10868
10869
10871
10873
10874
10875
10876
10878
10879
10880
10881
10882
10883
10885
10892
10893
10894
10895
10897
10898
10900
10904
10905
10906
10907
10908
10909
10910
10911
10912
10913
10914
10917
10918
10919
10920
10923
10929
10931
10933
10934
10935
10936
10937
10938
10939
10940
10941
10942
10943
10944
10945
10946
10947
10948
10949
10950
10957
10960
10961
10962
10964
10965
10967
10968
10969
10970
10971
10972
10973
10974
10975
10976
10977
10980
10981
10985
10987
10990
10991
10992
10993
10995
10996
10997
10999
11002
11004
11005
11006
11008
11009
11012
11013
11014
11016
11018
11020
11021
11022
11023
11024
11027
11032
11033
11034
11035
11037
11038
11039
11040
11041
11042
11043
11050
11051
11054
11058
11063
11064
11067
11068
11069
11070
11073
11075
11076
11077
11078
11079
11080
11081
11082
11086
11087
11089
11090
11091
11092
11093
11094
11095
11097
11105
11106
11122
11124
11125
11126
11127
11128
11129
11130
11131
11132
11133
11134
11135
11136
11137
11138
11141
11142
11143
11144
11145
11146
11147
11148
11149
11150
11151
11153
11154
11155
11158
11159
11160
11161
11162
11171
11172
11173
11174
11175
11181
11184
11187
11191
11192
11197
11198
11199
11202
11205
11206
11208
11209
11211
11213
11214
11215
11216
11217
11218
11219
11220
11221
11225
11226
11227
11228
11232
11233
11235
11236
11238
11240
11241
11242
11243
11245
11246
11247
11248
11249
11252
11253
11254
11255
11258
11259
11260
11265
11266
11268
11269
11270
11276
11277
11278
11279
11282
11283
11284
11285
11286
11289
11291
11292
11293
11294
11295
11296
11297
11298
11299
11300
11301
11302
11303
11305
11306
11307
11308
11309
11310
11311
11312
11314
11315
11316
11317
11318
11320
11321
11322
11323
11324
11327
11328
11330
11331
11332
11333
11334
11335
11336
11337
11338
11339
11340
11343
11344
11345
11346
11347
11348
11349
11350
11351
11352
11353
11354
11355
11356
11357
11358
11359
11360
11362
11365
11366
11367
11368
11370
11371
11372
11373
11374
11375
11376
11377
11378
11379
11380
11381
11383
11384
11385
11386
11387
11389
11390
11391
11392
11393
11394
11395
11399
11400
11404
11405
11406
11407
11409
11410
11411
11412
11413
11416
11418
11419
11420
11421
11422
11423
11424
11425
11426
11427
11428
11430
11431
11432
11433
11434
11435
11436
11437
11440
11442
11443
11444
11445
11447
11448
11449
11450
11451
11452
11454
11455
11456
11457
11459
11460
11461
11462
11463
11468
11469
11470
11471
11472
11475
11476
11477
11478
11479
11480
11482
11483
11484
11485
11486
11487
11488
11489
11490
11491
11492
11493
11494
11495
11497
11498
11500
11501
11502
11503
11504
11505
11506
11507
11508
11509
11510
11511
11512
11513
11514
11515
11516
11517
11518
11521
11522
11523
11524
11528
11529
11532
11534
11535
11536
11537
11539
11540
11541
11542
11547
11552
11554
11555
11556
11557
11558
11559
11560
11561
11563
11565
11568
11569
11572
11574
11575
11579
11580
11581
11582
11583
11584
11586
11589
11591
11593
11594
11595
11597
11598
11599
11604
11605
11610
11611
11612
11613
11614
11615
11616
11617
11618
11619
11620
11628
11629
11630
11634
11635
11636
11637
11638
11639
11640
11641
11642
11643
11644
11646
11647
11648
11649
11650
11652
11659
11660
11661
11664
11670
11671
11672
11673
11675
11677
11681
11687
11688
11692
11693
11698
11700
11701
11702
11703
11704
11706
11714
11716
11719
11720
11727
11730
11731
11732
11733
11734
11735
11736
11739
11740
11741
11742
11743
11744
11745
11748
11751
11754
11755
11758
11759
11760
11772
11773
11774
11777
11781
11783
11786
11792
11793
11795
11796
11797
11800
11803
11805
11806
11807
11808
11809
11810
11811
11812
11813
11814
11816
11820
11821
11822
11823
11824
11826
11827
11828
11829
11831
11832
11833
11834
11837
11838
11841
11842
11843
11844
11847
11848
11849
11850
11852
11854
11856
11857
11858
11859
11861
11862
11868
11869
11870
11872
11873
11874
11875
11876
11877
11878
11882
11885
11886
11892
11894
11895
11896
11898
11900
11901
11902
11905
11907
11908
11909
11910
11914
11915
11917
11918
11921
11923
11928
11929
11930
11931
11932
11935
11936
11937
11938
11939
11942
11945
11946
11947
11949
11950
11952
11956
11957
11958
11960
11961
11977
11978
11980
11981
11982
11983
11984
11985
11986
11987
11988
11989
11993
11994
11995
11996
11998
11999
12000
12001
12002
12003
12004
12006
12007
12009
12010
12011
12014
12015
12017
12021
12022
12024
12028
12029
12030
12031
12032
12033
12034
12035
12036
12037
12038
12039
12040
12041
12042
12043
12044
12045
12046
12047
12048
12049
12050
12051
12052
12053
12054
12055
12056
12057
12058
12062
12064
12068
12069
12070
12071
12072
12073
12075
12076
12077
12079
12081
12082
12084
12085
12086
12087
12089
12090
12091
12092
12094
12095
12096
12097
12098
12099
12100
12105
12106
12108
12110
12111
12112
12113
12114
12115
12116
12117
12118
12119
12122
12123
12124
12125
12126
12127
12128
12129
12130
12131
12132
12133
12134
12135
12136
12137
12138
12139
12140
12141
12142
12143
12144
12149
12150
12155
12156
12157
12158
12160
12165
12166
12167
12168
12169
12170
12171
12172
12174
12181
12182
12184
12185
12186
12187
12188
12189
12190
12192
12193
12194
12195
12196
12198
12200
12202
12203
12204
12205
12206
12209
12210
12211
12212
12214
12215
12216
12217
12218
12220
12221
12222
12223
12224
12225
12227
12229
12230
12231
12233
12234
12237
12238
12239
12241
12242
12243
12244
12245
12246
12252
12253
12254
12255
12256
12257
12258
12259
12260
12261
12262
12263
12264
12265
12267
12270
12271
12272
12273
12275
12276
12277
12278
12280
12282
12283
12284
12286
12288
12289
12290
12291
12292
12297
12298
12299
12300
12301
12302
12303
12304
12305
12307
12310
12312
12313
12314
12316
12318
12320
12321
12322
12323
12324
12325
12327
12328
12330
12331
12332
12333
12334
12336
12337
12338
12339
12340
12341
12342
12343
12344
12346
12347
12349
12350
12351
12357
12358
12359
12360
12363
12365
12366
12368
12369
12370
12371
12372
12373
12374
12375
12376
12377
12378
12379
12380
12382
12383
12384
12385
12387
12389
12390
12391
12392
12393
12395
12396
12397
12400
12401
12402
12407
12408
12409
12410
12411
12412
12413
12414
12415
12416
12417
12420
12422
12423
12425
12431
12433
12434
12435
12436
12437
12438
12439
12440
12441
12442
12443
12444
12445
12446
12447
12448
12449
12450
12451
12452
12453
12454
12455
12456
12457
12458
12459
12460
12461
12462
12463
12464
12465
12466
12467
12468
12469
12470
12471
12472
12473
12474
12475
12476
12477
12478
12479
12480
12481
12482
12483
12484
12485
12486
12487
12488
12490
12491
12492
12494
12496
12497
12498
12499
12500
12502
12503
12504
12505
12506
12507
12509
12511
12512
12513
12514
12515
12517
12518
12519
12520
12525
12526
12527
12532
12535
12536
12537
12538
12539
12540
12541
12542
12543
12544
12545
12546
12547
12548
12549
12550
12551
12552
12553
12554
12555
12557
12559
12563
12564
12565
12566
12567
12568
12569
12575
12576
12577
12578
12581
12582
12583
12585
12586
12587
12589
12590
12591
12592
12593
12597
12598
12599
12600
12601
12603
12604
12606
12607
12610
12611
12612
12615
12617
12620
12622
12623
12625
12626
12627
12628
12629
12630
12632
12633
12634
12635
12636
12637
12638
12639
12640
12641
12642
12643
12644
12645
12646
12648
12649
12650
12651
12652
12653
12654
12655
12656
12657
12658
12659
12660
12661
12662
12663
12664
12665
12666
12667
12668
12669
12670
12671
12672
12673
12674
12676
12677
12678
12679
12680
12681
12682
12683
12684
12686
12687
12689
12690
12692
12693
12694
12695
12701
12702
12703
12704
12705
12712
12713
12714
12715
12717
12720
12721
12722
12724
12725
12726
12727
12728
12729
12730
12731
12732
12733
12734
12735
12736
12737
12738
12739
12741
12742
12745
12746
12747
12748
12749
12750
12751
12752
12753
12754
12755
12756
12757
12759
12761
12763
12764
12765
12766
12767
12768
12769
12770
12773
12774
12775
12776
12777
12778
12779
12780
12781
12782
12783
12784
12785
12786
12787
12789
12790
12791
12792
12793
12794
12796
12797
12798
12799
12800
12801
12803
12804
12805
12806
12807
12808
12809
12810
12811
12813
12814
12815
12816
12817
12818
12819
12822
12823
12824
12825
12826
12827
12828
12830
12831
12832
12833
12834
12835
12836
12837
12838
12839
12840
12841
12842
12843
12844
12845
12846
12847
12849
12850
12851
12852
12853
12854
12855
12856
12857
12858
12859
12861
12862
12863
12864
12865
12866
12867
12868
12869
12870
12872
12873
12874
12875
12876
12877
12878
12881
12883
12884
12885
12886
12887
12894
12897
12898
12899
12900
12901
12902
12903
12905
12906
12907
12908
12909
12910
12911
12912
12913
12916
12920
12921
12922
12923
12924
12925
12926
12927
12928
12929
12930
12933
12934
12935
12936
12937
12938
12939
12952
12953
12954
12955
12956
12957
12958
12959
12960
12961
12963
12973
12974
12975
12976
12977
12980
12983
12984
12985
12986
12987
12988
12990
12991
12992
12993
12994
12996
12997
13000
13003
13004
13005
13007
13008
13010
13012
13013
13014
13015
13016
13017
13018
13019
13020
13021
13024
13026
13027
13028
13034
13035
13036
13037
13038
13039
13040
13041
13042
13044
13045
13046
13047
13048
13049
13050
13051
13052
13053
13054
13055
13056
13057
13058
13060
13061
13062
13063
13064
13065
13067
13068
13071
13072
13073
13074
13075
13076
13078
13079
13080
13081
13082
13083
13084
13085
13086
13087
13088
13089
13092
13094
13095
13096
13099
13100
13101
13102
13103
13104
13105
13106
13108
13110
13111
13112
13114
13116
13117
13118
13119
13124
13125
13126
13127
13128
13129
13134
13135
13136
13137
13138
13139
13140
13141
13142
13143
13144
13145
13146
13149
13150
13151
13153
13154
13155
13156
13157
13160
13161
13162
13163
13164
13165
13166
13167
13168
13169
13170
13171
13173
13174
13175
13177
13178
13179
13180
13182
13183
13184
13185
13188
13189
13190
13191
13192
13193
13194
13195
13196
13197
13198
13203
13209
13210
13213
13214
13217
13218
13219
13220
13221
13222
13223
13224
13225
13226
13227
13230
13231
13232
13234
13235
13236
13237
13238
13239
13240
13241
13242
13243
13244
13245
13246
13247
13248
13249
13250
13251
13254
13255
13256
13258
13259
13260
13261
13263
13264
13265
13266
13269
13270
13271
13272
13273
13274
13275
13276
13277
13278
13279
13280
13281
13282
13283
13287
13288
13289
13290
13291
13292
13293
13295
13296
13297
13299
13301
13302
13303
13304
13305
13306
13307
13308
13309
13310
13312
13314
13315
13316
13317
13320
13321
13322
13323
13324
13328
13329
13331
13332
13333
13334
13336
13337
13338
13339
13340
13341
13342
13343
13344
13347
13348
13350
13351
13352
13353
13354
13355
13356
13357
13358
13359
13360
13361
13362
13363
13365
13366
13367
13368
13370
13371
13372
13373
13374
13376
13377
13378
13379
13380
13381
13382
13383
13384
13385
13386
13387
13388
13389
13391
13392
13393
13394
13395
13397
13398
13399
13400
13407
13408
13409
13410
13411
13413
13415
13417
13418
13419
13420
13422
13424
13425
13426
13427
13428
13429
13430
13431
13432
13433
13434
13435
13436
13437
13438
13440
13441
13443
13444
13445
13446
13447
13448
13452
13453
13454
13455
13456
13457
13459
13460
13461
13464
13465
13466
13467
13468
13469
13471
13475
13476
13478
13480
13481
13482
13483
13485
13486
13487
13491
13492
13494
13495
13497
13498
13499
13500
13501
13502
13503
13504
13505
13506
13507
13511
13514
13515
13516
13517
13518
13520
13521
13523
13524
13525
13526
13527
13528
13529
13530
13531
13532
13533
13534
13536
13537
13538
13539
13540
13541
13542
13543
13544
13545
13546
13547
13549
13551
13552
13554
13555
13556
13557
13558
13559
13560
13561
13562
13564
13571
13572
13573
13574
13576
13578
13579
13582
13583
13584
13589
13591
13594
13595
13596
13597
13598
13603
13605
13606
13607
13608
13614
13616
13619
13623
13627
13645
13646
13650
13651
13660
13662
13663
13665
13666
13670
13671
13672
13673
13674
13677
13678
13679
13683
13684
13685
13686
13694
13696
13697
13698
13701
13706
13713
13714
13717
13722
13727
13728
13729
13730
13734
13741
13745
13755
13757
13761
13765
13766
13785
13787
13791
13792
13793
13794
13795
13797
13798
13804
13805
13806
13810
13816
13817
13819
13821
13822
13825
13826
13829
13841
13842
13843
13844
13851
13852
13856
13858
13859
13860
13865
13866
13867
13875
13880
13886
13887
13889
13890
13891
13895
13897
13899
13901
13902
13903
13905
13907
13909
13910
