555	647	718	727	938	939	946	999	1963	1968	1969	2001	2008	2010	2028	2044	2045	2046	2052	2088	2193	2195	2198	2199	2288	2334	2339	2434	2527	2532	2969	2984	3524	3589	3620	3786	3858	5640	5670	5778	5883	5891	5892	6088	6133	6182	6321	6355	6416	6419	6421	6426	6434	6472	7010	7235	7247	7453	7980	7983	8045	8067	8091	8117	8351	8733	8897	9298	9300	9396	9413	9465	9470	9656	9658	9713	10698	10699	10702	10741	10753	11484	12112	12198	13440	13515
585	670	902	1724	1839	1925	2075	2090	2603	2655	2661	2980	3556	5828	5845	6004	6025	6028	6033	6247	6249	6556	6566	6567	6580	6584	6592	6596	6600	6607	6609	6610	6617	6629	8039	8043	8363	9854	10719
2284	2289	6134	6135	6137	6235	6288	6315	6350	6366	6393	6394	6395	6401	6405	6406	6407	6408	6410	6414	6449	6450	6452	6455	6456	6461	6465	6466	6473	6477	6478	6482	6489	6490	6498	11223
534	671	1727	1938	2512	2546	2580	2780	3004	5657	5661	5669	5687	5796	5821	5833	6094	6178	6205	6211	6212	6224	6226	7248	7413	7954	7955	8071	8250	8275	8305	8334	11021
144	645	1973	2237	2251	4133	6361	6364	6373	6391	6429	6509	7237	7662	8026	8750	9426	9453	9463	9490	9554	9558	9653	9967	10474	10745	11011
927	1740	1764	1766	1780	1893	1922	2144	2326	2342	2361	5780	5812	5816	5890	5929	5947	6099	6167	6673	7659	7688	8052
789	2507	2550	5686	6188	6192	7449	7838	7874	7891	7901	7934	7946	7948	7949	8182
9499	10024	10025	10528	10533	10537	10556	10664	10724	10799	10800	10805	10806	10824	10827	10828
2651	3188	3189	3594	3621	3624	3653	5879	6116	8089	8367	9442	9946	10739
176	1884	1907	1911	2320	3432	6071	6142	6154	7471	7512	9947	13398
936	937	940	2024	3859	5960	7127	8022	8092	9446	9451	10750
1966	6119	6273	6279	6281	6283	6290	6291	6292	6297
805	2979	5653	8690	8692	8963	13551	13552	13561
921	1935	5854	5875	6148	6151	7094	7521	9995
2221	2764	5683	5862	6356	7001	7002	7025	9019
654	2602	6034	6526	6583	6590	6608	6611
966	2030	3218	3956	4121	4129	8942	8958
234	241	1991	5673	7448	7966	7970
776	778	3388	6809	6851	6866	6870
787	3429	7285	7304	7318	7341	8955
1967	2064	6118	6282	6289	6313	6327
2398	2401	2426	2427	2884	5907	7707
123	140	141	146	149	159
341	347	368	376	378	379
2004	2005	3077	3100	6960	8072
5637	5638	5785	5788	5825	5956
532	1715	2054	2124	5702
683	2830	2837	12113	12114
759	2131	3629	3634	7121
2149	2152	2975	10767	13585
2311	3018	5792	5957	5963
4571	4580	4585	4594	5995
5652	8187	8230	8680	13539
6144	6229	6237	6399	7096
8858	11129	11130	11320	11322
9702	9704	9706	10732	10812
10714	10717	10798	10809	10826
1	108	697	6681
968	3960	4132	4160
2239	9063	9065	11022
2895	12655	12708	12710
3523	8189	8729	13587
3901	5874	5952	5971
5715	5745	5750	5970
6534	9715	9747	11488
7273	7316	8027	8174
9292	9685	11119	11432
9569	9571	10564	10567
10839	10859	10869	10904
419	423	424
420	440	569
465	476	486
684	2838	2847
796	8188	8721
1732	6083	7445
1829	5986	6086
2231	2268	2269
2314	7415	7446
2358	3369	5813
2405	7711	7739
2467	2468	7703
2506	7942	7945
2582	6246	8345
2888	12658	12667
3864	8059	9890
4586	4616	7177
5764	6903	7457
5824	5861	6106
6221	6222	6223
6853	8155	8959
6988	6990	7038
9517	10840	10870
9997	10011	10998
11680	11707	11710
17	29
89	6679
117	541
227	228
357	359
442	571
519	6802
527	6342
577	13516
655	656
686	687
701	3108
712	2477
715	3183
764	3866
772	6111
775	6804
781	3397
871	6388
881	3383
882	2236
1714	5705
1720	1882
1723	1902
1745	2321
1817	13553
1838	1843
1849	6012
1850	6014
1930	6191
2066	5697
2081	2112
2086	2617
2140	2850
2163	5736
2211	2676
2222	9438
2372	7692
2381	7694
2494	7835
2549	8024
2856	2929
2877	12505
2912	2913
3078	8073
3123	3124
3335	5393
3385	6769
3474	12525
3593	3622
3851	3877
3944	3945
5366	5367
5711	6523
5851	6101
5937	6533
6068	6139
6155	7467
6348	7257
6468	10454
6513	6641
6639	6640
6706	6756
6741	8152
6763	6766
6810	6852
6831	6871
6839	8153
6904	6910
6923	6936
6981	7040
7015	7037
7028	7031
7035	7036
7522	8191
7836	7855
7847	7877
7881	7885
7886	7923
7900	8184
7951	9876
8116	8118
8163	9936
8744	8909
8817	10910
8922	9299
8961	12056
9053	9847
9339	10591
9360	10779
9418	10831
9448	9449
9506	9519
9689	11455
9745	9746
10001	10027
10154	10174
10163	10166
10475	10708
10677	10851
10691	11019
10979	10981
11238	11239
11253	11343
11330	11336
11521	11522
11704	11705
11717	11722
11718	11720
11723	11724
11844	11845
12024	12025
15
16
40
41
44
48
68
71
75
91
94
99
100
109
113
125
126
137
138
186
189
191
194
195
205
209
210
223
224
235
239
245
250
252
259
260
261
262
267
269
276
277
283
285
292
293
294
295
300
301
303
304
305
308
309
310
313
317
321
334
335
337
345
349
356
358
363
366
369
370
373
389
395
399
400
406
417
421
426
427
428
429
430
431
432
445
472
474
488
495
496
498
510
514
518
520
529
538
564
566
572
578
583
641
642
644
658
659
672
675
679
680
681
685
688
692
694
714
720
729
731
735
737
738
746
762
763
769
783
784
786
788
795
800
852
865
867
886
910
918
926
935
945
949
969
971
978
982
998
1001
1673
1677
1681
1682
1686
1693
1697
1699
1701
1703
1705
1710
1719
1728
1744
1750
1765
1767
1771
1774
1784
1792
1794
1797
1807
1825
1827
1833
1834
1841
1842
1847
1855
1860
1869
1871
1886
1897
1899
1912
1917
1926
1933
1941
1942
1944
1948
1949
1950
1953
1972
1983
2003
2009
2012
2013
2022
2038
2040
2041
2084
2093
2094
2095
2114
2136
2137
2139
2146
2147
2153
2154
2161
2178
2181
2187
2190
2203
2207
2220
2235
2243
2244
2247
2250
2252
2254
2279
2283
2290
2318
2332
2343
2346
2348
2350
2353
2355
2359
2364
2365
2366
2368
2369
2378
2392
2395
2396
2397
2410
2413
2421
2431
2439
2464
2478
2486
2488
2499
2525
2539
2542
2556
2579
2600
2601
2611
2612
2622
2624
2637
2640
2644
2645
2646
2647
2656
2667
2669
2740
2751
2757
2758
2759
2766
2774
2775
2776
2777
2787
2789
2797
2800
2812
2815
2836
2840
2845
2848
2859
2860
2861
2862
2863
2864
2865
2866
2868
2869
2870
2871
2876
2880
2886
2896
2900
2903
2905
2906
2911
2915
2916
2922
2933
2939
2947
2948
2949
2962
2963
2971
2978
2990
2992
2997
3002
3005
3008
3012
3020
3023
3028
3029
3038
3039
3045
3048
3049
3053
3055
3065
3066
3068
3073
3074
3075
3076
3079
3097
3107
3110
3111
3118
3129
3132
3133
3145
3150
3151
3154
3175
3176
3179
3182
3186
3191
3193
3205
3206
3209
3210
3298
3320
3329
3366
3368
3378
3379
3380
3401
3403
3406
3411
3412
3414
3418
3419
3420
3422
3426
3427
3438
3443
3446
3448
3454
3455
3456
3471
3478
3481
3485
3486
3487
3488
3489
3490
3497
3498
3502
3503
3508
3543
3551
3557
3579
3584
3585
3586
3587
3610
3617
3618
3626
3632
3643
3645
3646
3651
3664
3687
3692
3699
3702
3703
3706
3712
3715
3716
3719
3720
3721
3722
3746
3751
3763
3769
3785
3787
3788
3791
3796
3801
3805
3806
3807
3810
3811
3819
3823
3827
3833
3834
3837
3841
3848
3849
3853
3854
3855
3857
3862
3865
3869
3881
3882
3889
3892
3895
3897
3898
3899
3904
3905
3906
3907
3908
3911
3935
3939
3949
3951
3955
3980
3982
3983
3984
3992
3996
4010
4024
4025
4028
4037
4038
4042
4043
4048
4050
4051
4078
4089
4106
4108
4111
4141
4149
4154
4209
4214
4222
4225
4238
4241
4245
4252
4268
4277
4283
4285
4305
4379
4402
4403
4405
4419
4421
4443
4469
4470
4478
4486
4487
4498
4504
4521
4525
4531
4535
4536
4537
4538
4540
4541
4542
4543
4557
4564
4573
4574
4582
4601
4602
4603
4604
4605
4606
4607
4608
4609
4610
4611
4617
4621
4623
4635
4643
4648
4668
4669
4676
4685
4688
4698
4699
4713
4718
4719
4722
4723
4724
4725
4726
4746
4748
4749
4752
4753
4761
4767
4772
4776
4782
4783
4784
4785
4786
4787
4788
4796
4799
4806
4822
4825
4828
4834
4839
4851
4856
4857
4860
4863
4864
4868
4877
4880
4886
4888
4889
4892
4898
4904
4905
4913
4915
4918
4919
4920
4927
4929
4932
4933
4943
4948
4967
4981
5001
5002
5003
5005
5007
5009
5010
5014
5020
5021
5032
5035
5043
5045
5047
5048
5049
5052
5064
5073
5079
5081
5084
5085
5092
5094
5100
5110
5111
5113
5129
5138
5145
5146
5148
5156
5157
5158
5159
5160
5185
5190
5197
5200
5201
5204
5207
5216
5217
5218
5232
5236
5238
5241
5250
5255
5259
5267
5279
5286
5289
5290
5299
5300
5304
5306
5316
5320
5322
5325
5331
5334
5344
5347
5350
5351
5360
5383
5395
5400
5404
5418
5428
5436
5437
5442
5443
5462
5467
5468
5470
5478
5488
5489
5490
5491
5497
5498
5516
5521
5526
5531
5532
5534
5539
5545
5546
5554
5555
5579
5581
5582
5584
5587
5588
5589
5601
5602
5603
5604
5611
5619
5624
5626
5628
5639
5676
5677
5690
5692
5713
5714
5716
5718
5719
5733
5738
5741
5746
5751
5752
5753
5754
5755
5756
5757
5758
5763
5765
5786
5793
5829
5843
5852
5855
5863
5866
5870
5872
5902
5903
5910
5911
5958
5973
5974
5978
5982
5983
5996
5997
5999
6003
6022
6038
6039
6044
6051
6058
6061
6062
6063
6067
6075
6089
6092
6104
6107
6108
6127
6128
6131
6140
6145
6159
6171
6175
6183
6184
6234
6236
6298
6299
6304
6336
6337
6338
6339
6358
6418
6470
6530
6531
6555
6557
6620
6625
6626
6630
6646
6647
6648
6650
6651
6652
6653
6657
6666
6667
6669
6671
6677
6682
6689
6707
6708
6713
6717
6722
6726
6728
6729
6735
6736
6743
6748
6749
6751
6753
6761
6770
6772
6788
6796
6800
6819
6826
6830
6835
6836
6844
6857
6872
6878
6885
6892
6896
6900
6901
6911
6913
6921
6924
6925
6927
6934
6937
6938
6942
6949
6950
6964
6965
6970
6973
6974
6987
6991
6999
7004
7005
7006
7007
7008
7009
7022
7055
7060
7061
7062
7065
7068
7072
7074
7081
7083
7097
7100
7106
7107
7109
7113
7137
7143
7164
7170
7172
7178
7182
7183
7184
7186
7187
7217
7226
7236
7242
7245
7251
7270
7283
7310
7315
7319
7320
7322
7324
7325
7326
7327
7328
7329
7337
7339
7342
7343
7360
7374
7381
7382
7385
7387
7393
7407
7417
7418
7428
7431
7432
7435
7438
7439
7442
7444
7450
7455
7469
7473
7474
7475
7476
7481
7485
7493
7499
7500
7503
7504
7509
7510
7516
7525
7526
7530
7663
7667
7669
7670
7674
7675
7687
7690
7691
7698
7714
7722
7726
7727
7729
7735
7736
7738
7745
7747
7752
7762
7801
7839
7840
7846
7856
7860
7873
7876
7878
7889
7902
7909
7911
7912
7913
7919
7937
7938
7939
7957
7964
7965
7967
7968
7979
7993
7994
7996
7999
8015
8016
8036
8051
8054
8058
8064
8068
8069
8074
8076
8077
8078
8079
8080
8081
8086
8088
8095
8097
8107
8108
8120
8129
8137
8143
8148
8151
8156
8157
8158
8165
8176
8190
8192
8195
8196
8197
8198
8200
8206
8207
8210
8221
8234
8240
8241
8246
8247
8248
8249
8251
8252
8255
8264
8265
8266
8269
8287
8290
8291
8297
8298
8299
8300
8304
8308
8310
8312
8314
8322
8327
8340
8343
8347
8350
8352
8360
8370
8371
8374
8378
8379
8383
8393
8394
8402
8404
8405
8411
8416
8682
8683
8688
8698
8710
8716
8722
8723
8724
8730
8740
8742
8751
8752
8764
8780
8783
8784
8787
8790
8797
8800
8804
8807
8822
8827
8829
8837
8839
8840
8846
8859
8861
8862
8863
8867
8870
8876
8906
8907
8908
8937
8943
8949
8950
8951
8953
8956
8957
8960
8962
8964
8988
9003
9004
9008
9010
9012
9013
9015
9043
9051
9057
9069
9245
9254
9260
9268
9269
9273
9274
9276
9277
9278
9282
9283
9284
9288
9289
9290
9297
9303
9304
9306
9317
9318
9321
9324
9334
9337
9342
9343
9344
9353
9359
9364
9371
9376
9379
9383
9385
9386
9389
9395
9398
9399
9400
9401
9408
9417
9421
9429
9437
9441
9443
9445
9452
9454
9464
9468
9477
9489
9492
9505
9508
9510
9515
9520
9521
9525
9526
9544
9547
9550
9557
9560
9561
9566
9578
9591
9599
9603
9606
9609
9611
9612
9618
9622
9627
9642
9661
9662
9664
9668
9670
9690
9691
9692
9693
9694
9695
9696
9711
9721
9725
9732
9733
9734
9735
9738
9739
9756
9766
9770
9771
9773
9774
9779
9784
9785
9798
9810
9819
9827
9832
9839
9842
9845
9866
9886
9891
9892
9914
9917
9935
9937
9938
9954
9956
9958
9974
9976
9978
9979
9985
9986
10003
10006
10008
10012
10013
10016
10031
10036
10038
10097
10105
10108
10110
10136
10138
10140
10147
10150
10156
10157
10158
10161
10169
10170
10171
10186
10192
10219
10235
10274
10284
10318
10347
10366
10373
10391
10393
10394
10409
10426
10433
10434
10438
10450
10452
10456
10465
10466
10472
10473
10479
10480
10482
10485
10490
10493
10496
10498
10501
10506
10510
10515
10516
10517
10518
10519
10520
10521
10523
10524
10534
10538
10542
10547
10548
10553
10554
10571
10572
10576
10594
10601
10603
10604
10623
10624
10625
10627
10628
10635
10638
10640
10645
10650
10656
10679
10680
10682
10685
10686
10693
10694
10709
10715
10728
10788
10789
10794
10802
10825
10834
10835
10844
10864
10866
10874
10881
10890
10892
10897
10898
10899
10907
10912
10919
10921
10923
10928
10929
10930
10932
10959
10963
10977
10984
10991
10992
10999
11006
11009
11030
11031
11032
11046
11051
11059
11073
11075
11080
11081
11082
11085
11088
11089
11092
11098
11099
11102
11106
11110
11116
11128
11132
11133
11138
11139
11143
11145
11151
11153
11154
11164
11165
11166
11167
11168
11169
11193
11197
11199
11204
11205
11215
11225
11228
11231
11234
11237
11240
11249
11255
11261
11262
11271
11272
11273
11306
11307
11325
11327
11333
11334
11335
11337
11340
11341
11344
11352
11355
11361
11367
11382
11383
11389
11397
11404
11405
11406
11407
11409
11438
11440
11442
11443
11444
11456
11458
11459
11461
11462
11463
11472
11474
11475
11489
11494
11497
11505
11519
11524
11528
11530
11531
11532
11537
11539
11540
11541
11555
11556
11557
11565
11571
11582
11584
11587
11589
11590
11601
11605
11631
11636
11640
11642
11648
11650
11655
11662
11663
11668
11670
11671
11684
11688
11697
11698
11699
11700
11711
11712
11713
11731
11734
11745
11752
11754
11757
11759
11763
11767
11770
11776
11777
11778
11808
11825
11832
11834
11840
11843
11847
11848
11858
11862
11865
11867
11868
11870
11872
11874
11877
11939
11940
11945
11954
11966
11967
11972
11974
11975
11978
11979
11982
12003
12019
12022
12023
12027
12029
12042
12049
12054
12060
12061
12063
12064
12067
12068
12073
12075
12076
12077
12078
12080
12082
12088
12090
12091
12092
12094
12098
12101
12104
12116
12118
12135
12139
12145
12150
12153
12166
12170
12172
12176
12192
12194
12195
12199
12200
12201
12202
12203
12210
12213
12216
12225
12228
12230
12231
12232
12233
12244
12246
12248
12251
12252
12256
12271
12273
12275
12277
12288
12289
12294
12303
12311
12318
12326
12329
12333
12335
12341
12355
12360
12364
12365
12367
12373
12389
12392
12393
12396
12397
12403
12409
12414
12419
12423
12424
12425
12426
12428
12434
12435
12442
12452
12455
12460
12462
12466
12479
12480
12485
12489
12492
12494
12496
12501
12504
12510
12515
12524
12526
12529
12532
12533
12535
12543
12544
12560
12577
12578
12579
12582
12585
12588
12601
12602
12604
12611
12641
12642
12665
12682
12705
12706
12728
12729
12730
12731
12739
12747
12752
12753
12757
12760
12763
12767
12782
12784
12789
12795
12797
12799
12801
12802
12817
12823
12842
12848
12854
12855
12861
12873
12874
12875
12877
12883
12884
12885
12898
12907
12908
12909
12925
12934
12938
12947
12949
12970
13009
13010
13011
13012
13013
13014
13015
13016
13017
13018
13022
13028
13030
13044
13045
13050
13056
13062
13063
13064
13065
13076
13078
13079
13092
13098
13100
13102
13110
13112
13113
13118
13127
13138
13148
13150
13156
13161
13162
13164
13166
13178
13180
13181
13185
13186
13191
13192
13195
13196
13202
13203
13204
13216
13218
13219
13221
13225
13227
13229
13230
13235
13243
13245
13249
13253
13257
13263
13271
13278
13279
13292
13294
13295
13296
13297
13300
13309
13316
13318
13319
13320
13323
13332
13333
13334
13338
13339
13340
13341
13346
13347
13349
13364
13367
13379
13389
13399
13403
13404
13405
13408
13409
13411
13415
13420
13425
13443
13447
13449
13454
13461
13463
13465
13468
13478
13480
13483
13485
13486
13488
13496
13509
13510
13517
13518
13521
13526
13538
13547
13571
13588
13592
13593
