84	14	302	405	4282	10600	10601	10901	10928	11603	11606	11631
529	86	1197	2089	2272	3321	3958	6686	7075	7216	9021	9036
600	358	1668	1815	2199	2393	6424	6439	6447	6448	8779	13814
16	312	321	449	1063	5365	6115	8822	9136	13771	13782
69	28	333	615	776	777	780	841	918	1232	7353
73	243	361	418	1979	2011	2224	6799	6800	9844	9937
212	188	332	1228	2065	2477	3306	8597	8599	8641	10532
407	257	2691	10847	11666	11667	11782	11787	11789	11804	13879
480	469	1519	1891	2623	4426	10514	10598	10758	10902	10915
518	1455	3830	6258	8824	9095	9140	9141	9143	9145	9148
155	880	2415	2449	3782	3950	6052	6392	7062	9360	10547
624	294	2943	4422	4436	4452	11674	11728	11761	11762	11763
233	1054	1640	2156	3852	6303	6486	8668	8730	8733	13752
1413	74	1702	3498	3501	3503	3807	4370	7074	9426	9429
1471	1470	2093	2254	2466	2573	6369	6372	6536	9033	13803
1712	2104	2236	2291	2572	3310	5537	6316	7433	7455	13707
1974	2036	2095	2538	2575	3436	4810	4812	10069	10077	10079
3135	697	6027	7052	8857	9284	9285	9286	9298	9932	11139
70	720	1398	1606	3281	6112	6168	8946	9120	13832
108	91	1159	1369	1382	1738	1980	5032	5062	9186
288	150	1484	1822	5424	6537	7796	7803	9876	9908
176	2062	3851	4371	6144	6291	9645	9650	9652	13649
373	65	528	1188	2895	3308	3450	3940	5410	13796
380	687	2406	2411	3305	3864	4829	6172	8974	13749
603	691	693	3829	3897	3898	6257	8825	9097	9135
633	211	763	2060	3028	3029	5108	5301	6879	13611
1226	1014	2379	2381	3282	3780	6304	8617	8965	8967
1237	2159	2412	2413	2875	3863	8952	8953	8979	13760
1254	1070	1258	1608	1781	2247	3137	7058	7160	13629
319	1760	2391	2453	4828	6046	6145	7319	8869	9676
2765	100	4597	5434	6040	6272	7096	12533	12558	13808
0	17	1028	1447	1573	2010	2405	6159	6501
76	31	1898	10982	11587	11626	11766	13872	13877
406	11665	737	11668	11775	11776	11788	13874	13878
431	276	504	1995	146	3288	6068	8744	9767
485	409	1913	1921	2570	4481	4513	11953	12151
506	101	1018	4010	4014	5298	6377	8638	13609
670	315	1039	1358	3543	7436	7456	9456	13703
1019	113	1230	2246	5172	6034	7083	8775	8777
1220	206	1428	1722	3626	3821	6699	7843	11121
2674	11566	11576	11585	11624	11691	11749	11764	11765
153	5	2007	4018	4025	6383	9639	9640
219	374	1644	3825	8808	8810	8818	13746
604	1769	6241	6274	7049	9103	13601	13784
632	495	2057	2430	3120	5036	5291	5293
863	976	2977	3836	6017	6143	6146	12707
2802	1681	4689	12978	12979	12982	12995	13002
4425	4987	11570	11571	11622	11623	11657	11746
543	225	1423	9446	9846	9940	13742
599	441	1443	1746	1750	2894	9423
756	663	2174	3326	4446	6177	9183
816	489	968	1026	1161	4609	13892
1436	1049	3777	4095	6796	8672	13725
67	1446	2001	2898	2900	3803	8911
1448	2004	2421	3875	9013	9014	9035
1550	1316	4565	11030	12308	12317	12319
1598	1347	1600	2073	5239	8995	9252
1647	3895	5111	8931	8936	8944	9113
1658	1399	2586	2883	6219	11718	11890
1762	195	2876	8853	8907	10028	10030
1803	8636	8722	8882	8883	8957	9425
2250	881	2903	6310	10844	11168	11725
3370	3123	6456	6768	9792	9793	9795
6164	6248	6579	8645	8939	8943	8947
8632	6289	8848	8849	5115	8850	9178
6	505	868	6195	8871	13759
2	2389	4837	6035	8691	8692
88	3884	6236	9008	9053	13774
214	111	1233	6089	3791	8789
245	545	1397	6252	10039	13833
256	1124	1907	1908	4461	10864
703	178	1075	4088	4115	9866
822	775	1027	9162	1439	9163
872	2419	9030	9054	13768	13775
1105	544	1396	2901	4145	4182
1578	1876	4539	10816	10983	11753
1814	3368	3369	8839	9788	9789
1902	1903	4450	11573	11747	11750
1982	3055	5228	5235	5248	9253
2099	1245	6138	6211	9023	10837
2388	806	2395	3441	3816	8675
272	3778	3804	3838	5090	8683
2948	2687	2949	4447	4453	11684
3289	2863	6593	10073	10078	13575
3538	3814	4825	4826	8781	8956
3784	2454	3889	6535	8868	13748
4316	4470	9506	10891	11721	11888
4687	3422	4693	4694	12964	13011
11	379	8880	8954	8955
314	112	1241	3383	3801
338	1179	6207	6335	10828
729	90	1864	2726	4480
1102	641	2515	10087	10088
1201	130	1880	4093	4948
281	1434	1740	8651	8653
1329	122	2048	4815	4889
1459	700	6028	8859	9320
1744	444	8851	8878	8977
1752	324	8870	9003	9422
1910	1895	2023	9522	3487
2269	1144	4119	4161	9974
2447	1073	3945	7064	9373
2537	1143	4117	4127	13580
3042	1338	5164	5168	5189
3076	3068	3088	5265	13617
3077	124	5264	5270	13618
3081	109	5278	271	5281
3085	322	1584	9190	9191
3141	704	5064	9562	13802
3290	1756	3837	6127	8661
4454	4294	11696	11757	11767
4467	1304	4850	11577	11867
4834	4821	9237	9242	9248
4110	6153	8679	9929	10063
6564	2529	6566	6582	8933
10924	10765	10925	11922	11925
11729	11662	11770	11785	13873
408	4307	4455	4456
411	57	12723	13894
442	427	2877	2897
448	2416	6324	13763
519	450	1456	9222
771	187	979	2970
117	4846	4847	11669
1052	8819	9109	9124
1062	2420	9067	9068
1249	2005	2414	13762
1293	617	11190	11231
1415	376	2184	7355
1480	456	2939	4839
1527	731	1539	11185
1542	559	2945	2958
1783	1742	2480	8854
1884	618	2020	2646
2390	6039	8695	8861
2440	1069	9260	9272
516	2879	2899	8916
2706	565	2950	11596
2911	182	4240	10786
2932	471	11607	11633
3363	4057	6062	7173
3379	6088	8786	8787
3391	2528	6556	10062
3474	3138	5515	6300
3632	3628	3963	5985
3891	8758	8759	9098
4097	1690	6835	6901
4111	1779	7057	9304
4190	248	4210	10413
4518	4515	6678	10966
4827	9115	9116	9117
5496	2582	11170	11676
5532	5530	8741	13738
6139	9029	9057	9078
6140	707	1011	8674
6375	4002	9581	9592
6449	4064	6469	9780
7165	5507	7166	7167
7246	511	9436	9438
7387	8716	8717	8866
8697	8699	8700	8732
8750	6471	9781	9790
8949	9125	10048	10052
9031	9070	9085	9086
9208	9206	9219	9231
10510	10842	11722	11887
10515	4325	10762	11924
10751	11658	11685	11689
10927	10764	11600	11601
10986	2739	11000	12161
11891	1307	11893	11903
172	9012	13751
453	335	3962
497	436	5095
589	147	7245
668	334	1034
794	3296	6238
829	197	13682
910	730	11863
926	924	928
1064	9096	9134
1087	286	4122
1156	993	2077
1457	1253	9236
1655	650	6081
1675	570	13881
1701	1700	6334
1741	1646	8657
1751	7067	9356
1759	9052	9061
440	8696	7318
2102	3492	4362
2151	865	6102
2398	102	3848
2404	3856	8920
2431	893	9223
152	6090	7793
2621	727	10988
2644	1299	11578
2683	2400	7198
2684	2608	11621
2689	4449	11682
1238	9647	9648
1371	6024	8885
2887	1422	13699
2892	1732	13715
2951	948	13870
2973	1575	4865
3134	235	8719
3292	3291	8815
3297	6049	8891
3361	1813	9774
1816	5360	5368
3394	6585	6586
3813	6083	8774
3818	7481	9471
3857	8924	13754
3882	6674	9080
3928	3925	9299
4054	1665	13659
4112	1780	4220
4277	4211	10528
4394	4393	11287
4430	1865	11933
4451	11625	11769
4540	85	11694
4545	2741	12183
4600	1509	12556
5324	1612	5481
5327	5326	5533
5528	5531	11712
6043	128	8932
6133	6178	9342
6141	2403	9630
6206	402	11710
6395	3286	6897
6418	2145	9761
6432	6066	9771
6457	4065	8751
7055	2438	10545
7134	4787	9745
7200	3460	7253
7229	83	9892
7432	1269	7540
8656	9094	13781
8743	6844	13739
8860	4085	9341
9179	2176	9194
9218	1775	13788
9220	8647	9221
9278	7060	10546
10072	4814	10076
10452	1852	11951
10569	2161	10890
10889	947	11883
10926	4476	11602
10930	2676	11934
11061	4360	11074
11169	4375	13857
12697	12696	12698
13023	13022	13025
63	2003
94	7252
345	15
443	9112
445	8978
651	7837
808	653
823	801
869	2410
870	1058
923	258
987	769
1032	591
1055	708
1146	1139
1151	985
1301	11655
1386	1354
1110	6197
1416	1353
1451	9079
1614	1794
1639	8797
1653	6226
1682	1678
1739	683
1764	8999
1883	7186
1975	143
1977	493
1981	1597
1996	169
1998	437
2000	1736
2006	1795
2009	532
2016	1855
2017	249
2021	556
2022	1302
2047	4946
2067	189
2081	1154
2150	1234
2281	2090
2385	2140
2417	3886
2432	236
2475	157
303	5040
1092	4132
2615	1659
1053	8652
2661	2655
2645	11686
2752	1938
2753	1940
2760	2759
2878	3330
2893	3841
2902	239
2927	1515
2930	553
2931	616
2933	1521
2934	472
2935	473
2937	474
2938	554
2940	477
2944	558
2947	561
2952	481
2953	566
2954	1541
2955	567
2956	482
2957	483
2959	484
2965	1933
2966	1548
2967	1934
2968	1549
2969	628
3008	3006
3080	191
3103	3102
3114	3113
3124	1692
3283	6149
3318	1671
3324	13652
3341	9521
3353	6130
3430	3429
3452	2086
3541	226
3542	2289
3551	316
3569	317
3739	3468
3761	204
3789	3329
3805	8796
3812	2422
3820	3819
3831	866
3850	9336
3872	3985
3876	9152
3904	3903
3905	3888
3915	8689
3916	2433
3938	3935
3948	2450
3952	3951
3953	1789
3982	6183
4118	106
2203	7386
4298	4297
4299	4444
4348	4349
4369	4113
4432	68
4462	496
4463	2566
4500	4499
4521	4503
4568	1935
4668	3420
4672	3481
4833	3911
4835	1259
4866	631
4879	630
4901	4900
4986	4975
5088	5030
5176	5165
5177	5166
5249	3057
5267	5266
5275	190
5280	3082
5284	5283
5315	5233
5316	5250
5391	3311
5400	5069
5417	1699
5483	2181
5996	2327
6018	8790
6023	3920
6025	6026
6070	648
6106	5398
6132	313
6147	8888
6174	3866
6202	6201
6234	9001
6273	800
6284	3280
6290	6128
6292	384
6314	6313
6315	3529
6390	6387
6407	2497
6414	4063
6437	6033
6463	4062
6470	6452
6721	6720
6733	6726
6740	6739
6789	168
6816	1688
6826	362
6864	6863
6924	6214
7000	3680
7042	7041
7162	6218
7163	2253
7237	3505
7254	7201
7257	7256
7368	5420
7369	1707
7371	7360
7377	7363
7563	7531
7597	5554
7609	7608
7765	1721
7792	4921
7795	2321
7813	6929
7825	7824
7900	7899
7964	2331
8073	3467
8374	3735
8464	8463
8583	6308
8587	9485
8610	8682
8629	1016
8630	13726
8664	3873
8670	3285
8677	1242
8685	8686
8687	8688
8708	9118
8723	8782
8746	6051
8770	8765
8778	1812
8783	8791
8792	8958
8793	8794
8909	10026
8938	6169
8970	8971
9010	9090
9028	9072
9032	13769
9046	9066
9089	4680
9105	7182
9123	10066
9159	6892
9164	9099
9210	1065
9211	154
9214	6293
9255	5259
6891	13687
9296	1778
9300	9275
9355	1462
9367	9361
9385	3954
9386	9376
9396	1289
9424	2392
9458	1713
9477	1418
9593	9579
9607	9606
9609	884
9641	1802
9674	4027
9756	1231
9782	6459
9787	6465
9797	8755
9903	7706
9920	3668
9935	701
10082	2642
10410	1848
10444	2562
10449	2563
10457	10455
10518	2637
10542	3536
10571	4315
10575	1857
10760	4427
10796	725
10808	10807
10824	1520
10830	6205
10833	4296
10856	1867
10886	1126
10959	4522
10989	10863
11029	11028
11060	11059
11066	11065
11107	7812
11140	1791
11179	11178
11204	2647
11230	11229
11256	10888
11326	11325
11364	11363
11429	10740
11439	11397
11520	11519
11546	1116
11548	1117
11550	1118
11551	1119
11567	10801
11590	3403
11592	942
11608	11609
11645	4433
11651	10798
11653	10799
11654	10800
11656	2672
11711	7366
11738	562
11780	11779
11791	10872
11794	10870
11799	11798
11802	1536
11839	1303
11840	6675
11846	11836
11871	1518
11880	11879
11881	2654
11897	4472
11913	2707
11920	10916
11941	10951
11997	10963
12005	6680
12083	4497
12164	10994
12175	11007
12274	4558
12362	12361
12367	12364
12405	4581
12493	11055
12510	4592
12573	12572
12579	12562
12580	4608
12584	2773
12588	1025
12624	7098
12718	4853
12919	12918
12972	4688
13009	6735
13091	13090
13109	13107
13120	4709
13216	13215
13257	1560
13262	6745
13285	13284
13311	1141
13318	1774
13414	13412
13439	7133
13553	6750
13563	5392
13577	13570
13593	10085
13602	268
13604	494
13613	5128
13615	2068
13620	498
13626	2085
13643	501
13644	502
13661	9768
13690	7071
13691	1686
13695	7310
13700	1705
13718	854
13719	2352
13721	855
13724	3760
13732	8662
13737	8740
13743	8855
13744	8858
13789	694
13799	9482
13853	11919
13855	11019
13871	255
13883	12228
13885	13884
13896	12802
13900	266
13904	13211
13906	4755
13908	13470
1
19
12
29
58
66
13
75
82
87
107
120
127
138
140
151
173
174
177
193
205
234
240
242
269
273
282
283
289
296
297
311
320
327
328
341
344
347
349
356
360
377
382
383
395
400
403
404
415
446
447
491
515
517
552
585
601
608
609
612
639
649
654
657
685
716
736
757
778
779
795
798
804
832
833
838
840
862
429
864
873
883
885
889
891
922
967
970
978
981
1017
1020
1021
1059
1060
1061
1095
1109
1111
1148
1176
1227
1243
1244
1246
1247
1248
1250
1260
1306
1312
1357
1360
1380
1389
1392
1408
1414
1442
1449
1450
1452
1453
1454
1482
1494
1516
1523
1535
1571
1572
1651
1660
1662
1669
1205
1747
1753
1754
1765
1766
1768
1799
1821
1838
1051
1870
1888
1900
1904
1976
1997
2002
2025
2061
2080
2083
895
1643
2084
2144
2157
2162
2163
2168
2170
2171
2172
2177
2178
2186
2223
2255
2387
2394
2399
2402
2418
2423
2424
2425
2508
2509
2513
2560
232
318
329
428
457
1093
1229
1279
1437
1583
1737
1771
2396
2407
2472
2599
2601
2614
2617
2619
2620
689
1370
1438
2626
2627
2682
2737
2853
2154
2386
2476
2880
2884
2886
2896
2909
2983
2985
3043
3084
3090
3101
3130
3153
3302
3303
3307
3313
3314
3317
3333
3342
3350
3352
3355
3360
3365
3392
3405
3407
3421
3437
3567
3779
3781
3788
3790
3800
3802
3806
3808
3815
3817
3828
3844
3847
3849
3853
3855
3859
3862
3867
3874
3878
3880
3881
3883
3885
3896
3901
3942
3959
3979
3980
4050
4053
4078
4081
4087
4089
4096
4101
4102
4140
4143
4202
4206
4086
4219
4241
4242
4314
4341
4373
4441
4442
4445
4495
4830
4831
4832
4838
4863
4898
4912
4940
4941
4942
4944
4945
4947
4949
4951
4952
4953
4954
5042
5049
5050
5053
5089
706
5294
5302
5305
5323
5361
5362
5367
5369
5375
5378
5380
5394
5399
5401
5441
5469
5471
5476
5486
5986
6029
6045
6056
6084
6095
6110
6111
6117
6118
3823
6126
6129
6135
6158
6176
6181
6186
3785
6191
6194
6198
6199
6200
6204
6215
6216
6220
6222
6224
6229
6235
6237
6242
6247
6251
6254
6260
6271
6286
6287
6294
6302
6306
6322
6323
6327
6376
6381
6405
6423
6425
6428
6436
6440
6453
6464
3287
6488
6492
6496
6509
6522
6523
6524
6529
6534
6571
6587
6588
6595
6596
6665
6676
6742
6798
1411
3346
6804
6806
6811
6812
6827
6839
6840
6841
6845
6896
6903
6917
6918
6923
7040
7048
7085
7090
7169
7208
7209
7226
7327
7372
7375
8586
8588
8589
8590
8593
8594
8595
8600
8607
8608
8611
8612
8613
8614
8623
8633
8634
8635
8637
8639
8663
8665
8673
8676
8680
8681
8698
8714
8715
8720
8721
8724
8725
8726
8728
8729
6150
8739
3846
8742
8747
8761
8769
8771
8776
8784
8785
8804
8805
8826
8847
8852
8864
8865
8867
8874
8875
8876
8877
8881
8884
8886
8903
8905
8906
8908
8912
8913
8914
8915
8922
8929
8930
8934
8945
8959
8961
8962
8964
8972
8973
8975
8976
8980
8982
8984
8985
8989
8990
8997
8998
9002
9004
9005
9006
9007
9009
9011
9015
9016
9017
9018
9022
9024
9025
9026
9027
9037
9039
9041
9042
9043
9044
9045
9048
9049
9055
9056
9058
9059
9060
9062
9063
9064
9069
9071
9073
9074
9075
9076
9077
9081
9082
9083
9084
9088
9091
9092
9108
9110
9129
9133
9142
9146
9147
9150
9157
9160
9199
9287
1235
6038
9428
9445
9510
9527
9528
9531
9532
9631
9634
9644
9646
9744
9753
9772
9773
9820
9842
8926
9856
9857
9860
9862
9865
9867
9868
9869
9870
9873
9874
9877
9879
9883
9887
9888
9893
9925
9926
9938
9939
9941
9947
10010
10024
10025
10034
10040
10061
10489
10509
2153
3335
6042
8654
9530
10534
10536
10537
10603
10606
10746
10754
10791
10811
10817
10839
10841
10887
10956
10958
10978
10979
10998
11177
11180
11188
11189
11196
11545
11549
11562
11588
11627
11679
11697
11699
11705
11707
11708
11709
11715
11717
11723
11724
11726
11771
11778
11784
11790
11884
11911
11990
11991
12154
12159
12529
12530
13569
13625
13628
13655
13657
13658
13664
13676
13681
13688
13731
13733
13735
13736
13747
13750
13753
13756
13758
13767
13770
13772
13773
13776
13777
13778
13779
13780
13783
13786
13807
13818
13830
13831
13834
13850
