8.9
+1.9389
+9221.99
9.9
-4.9350
+0.7
+298.08
1604.7
6.5
93.6
+8.0
930.5985
5.98
9.8
-26.88
9.92
93.464
8.58
+869.2
4.7
-8.9
75284.99
9.914
36988.78801
886.7329
5.0
69.3
29.3964
389.8
-8.878
8.0
+82.81
-93.4
-5.888
+0.5
3.7
+8.9
8.1
+9.9
-6.996
4.7598998
699.4
+9.389
+9.8893
-1.88
8.18
-6.6
-848.96
0.4
0.8
-19.8
194893.9
2.81
+8.85
8.989
-9191.9
2.9
89.19
-9.9
9810.9
8.96098
19.3
+8.188
-098.8
8289.8312
-97.92
-3209.9
89.84
8492.8
3.59898299029
-3.6
8468.8
8.3889
+1.92
946.835
3.0
1.890
-938.39
+51.9
-0.8
894.07
7.06
2.5695
07.0
501.890
4.0
6.899
8.8
-4.8
-9069.535388
+9.7
-0.698
9.18
913.98
31.86
8.0599587
-8.2
92.89
+8.8
+16.9
-8.88
19.5
+6.99
8.169988
8.89888884
-5.3
+881.890
4.045
9.7
-97898.898
-9.8
9358.9
69492454.8
261.0
067.5
+4.354
2.5
-0942.03
+598.88
+8859.8
283.6
99.79
90.69
95.94
8.398
+57.28
-6.55
98.93989
+8.3
94.59970
+9.6
9.96
-5.2777
+8.89
68.9
+8.897
-9.0
66788.8
29.6
-7.7742
+9.8
+5.4
-888977.2
8.99
83.6646
5.8
+18.1958
+5.3
-96.9
488.74
7.12880
6.8
4.7819
+6.039823
-149.7
+49.92
-9.7
8671.0
87.53
98.8
-64.86
-8.5
-3993.8189839
3.88
+18.55714
68.8
86549.2899
4.26
-2999.9
0.85
+89.2
+7.2
-5.8
0.84
-8.8
-2.49
9.88
2.45974
+948.9
9.988
+2.1
82.2
+1.8
+98.6
+6.2
+8.7
+1.95
90.9
-8.009
+258.2
+89.9
+8.73
27380.82
-859.8
-1.89898808
2.08
4.85
-4.9
09.78
+8.2
+098.99
-9.938
8.7
3.53
98.53
88.98
8.199
98.96
2.879938
71.99
-9.2
5084.08
+98.88
8.98021
+3.15
8.39
-78.69
81.8
6.018
-98278282.48527
5.40
88.15
-9.50
-18.68
+93099878.088
319.4
+704.9
-0.44
381.3928819
-88872.8
4955.8
38.8
-8.0
-33.0
99.92
8.9919241
478.8
+8.84
+9.8598
3.12
99.88
7.7
98.1669
4.9
99.979998
77.9
+62.8
96.89
359.1
-8.60
+7888991.8
-1998.8
-1.5
-729.28
+515.9
999872.9
79.9
6.3
887331.999471
+8.211470
0.837
878.2
9.899
7.2
3.9
9.94
8.4994
+6.76
09347.6
+1376889148.2
-3.84
+7.8960
75.9
59.9
89.108
1.4
92.5
8.58852
7.99
56.9
+88.97
+4.9
88.9
948.7
991439.9
+96.9
0.609
291.4
+8.5038
+7.90
+8.88
9.79
+33.59
-078.27
43.93
-8.408
089.89
+99.9
+9989.1
0.789
6.9
83.2
-43.89
+5.11
3.19
4.960
72.2
7.8
7.11177
+2.8
369837.488
69.9
-8.8988
98.4
-9988.94
919.98
59309.8
+8747.888
-2.9
-39.97
99438.9899999
-564.2
+056.40
+59.89
+99.6
398.3390998
-8.89
899.8
-0.9728
-39.9999
309.9
-3.38
2898.8
+9.906
+89.6
-99.8
4.78
83.8
-89.8828206464
567439.8
+29.9
+39.990
-8.9699
-99.82
993.89
+5.9
-8.55
39.4
2754.77
+48002.9
956.9
13.8
7.59
8.2
79.8
86.252
990.5
+9888859.1
628.4
-98.9
8.3
8448.3
-6.97
-0.78
-8.48
+966.9
-6.32
9.32
+48.88
-1.89
11959896.929
-9.88
+8.807
-89.9
0.886
098.89
8135.66
-0699.02
+88708.085
+4.1
+97.9
+93.34
80998.80
-9009.83
