0
52
93
74
228
719
65
2
9
1
8966
8959
8
4
589
88
5928
56
4473
17
84
3
1588189
36
828898997581695
89
15
978
993
68
16
292
196
9962
18
45
98
48
99805
64
90
6
4879
87
7
5972
529498
83
4896
98988888
41
99
26
819
9053
388
8458
103
357
420
94
886
81
992
78
803
87918991
69
5
1898888
5893
889
8719
71
239
979
19
10
779489
61
399
20
62
998
1532
899
988
82
33
459
88969
9098
46
918285
86
18898
5336
905
34780
5395
51859
8219
39
49
789998
80
8127
288
689
432
833
18720
14
458
488
31
63
21
34
11
58
628688
8988009
4488
548
789
832889
38
35
492
892
198
59
91
969
9985
369
991
16294
16198
96
129
8978
938
898
629
50
978839
901
195258957
69973
599
991099
83389
9794
95
5987
658
698
489
9389
899532
919
320
249
661489
869
799
13
13281
60
57
188796288
8919907
28576
416
79
1380
910
259
5359
76
9969
99588
88088
97
896
985
848
641898
902
3871221887
54
8784
9518
28
381
30
88278
5469
3988
99131
888
282
796694
385
939
9983
915
989
952
29
1790994
181
7829
2834
478
8397809
92
8988
296
118
768
95389
32
8256
630
304809
817
8798
928
718
89981
2699
269
834
790
9809
95818
8803
390
7882
96890
953
7897
374
149
927
23
796
997
483
9986
42
884
930
819859
77
44
210
891
688
15808
561
85
5950
4995
12
668
3699
480
6885
53
389
9239
40
883
109
8188
8785
47
351
981
8284
8142
320977
859
867
8388
995
3158
839
51915
703
218
498
813
1891
971
665
6838
18925
8088
7630
48872
9465
9943
51
85685
1815
169
5992
963
403
4988
4487
4998
194
831
74899
962
178
67
970
808
22205
859009
980
929
5185
96865
8889886
9858989
894
83968
8853
748
809
999
1829
989410
1904
181908
32843
5896
9719824
70
4809
27
1388
324
914878
8492
9881
3834
3186
895
91859
746889
990
2085
5989
338
12088
649
75
8182
22
398
5704
978904
224582
918
30945586
545
9888
8864
83819
2891
140
787
138
4982
881
