81bFaAEa000afBcC8eFD6af88b86Ad8AfdeBA85A 90 98 5
A2caf90fEbA5f28d3488527bAFcbCff9D9C6F7C2 9 9 8
94FC89bDA9383AfEE8999E45e23A6AAFa9959F4f 546 5295 9
88bE84aa5999fd5dB9A8Cdfa8989d69aE8025948 9 2 6
0AC10F52aa89007FeAA14e9FFe89fc278c8Db999 996 77 7
b69685bD395d99Ab08f81E144CEDfaA8D9C99ADD 99 9 98
4dDEFEB8e95Dc1F5855888ab9ADA450686c2F38e 8 8 8
3a8C9898ea4998F3aEf4989a23b97CC1Afb99bEd 92 9 7045
1FaAb3c666D48f58FB148EAF48f59Ba98F8a9fE8 494 598 84
Bb9D88D4CAB9f9A913F38C83595Aa4e98Ff81E3E 9 8 1
F1b67A84194309AEFCa8984d88Dd99289580CcFB 99 8 991
f99d682ffaf36aDf727a8994e2DbDA9E8877f9Ae 9949 6 8
ed9741d99C2ab8DC8fDaF2c88acf8d4986b89aA6 4 78 76
F8Bcf8Fcab9381FC6F8A962A68adfEC02a49e992 8990 9 7
f835a8A998A8bf9F1389D89a7E9Af9aD8d2aD6ef 3 39 8265
3f8DaF2f95C1D8AC0A9f8F996235FCf6c62af42e 599 98 09
1E95872Ff60F4AE909C6B0ff8Cfafa9dE81DaC9d 812 3 866
8391c989dc84fadCf9699cb1ADdFD8f4794FfCbe 1 19488 48
CA79990FaaAB85F919bA71a8AdaF99f9bbAaBd84 6 0 8
9bc922e6fFfBCbA085E87b88Ef8aa8C9da9B3fBA 9449 9 0729
7E8BFC76F3Ad0F8a1883AFb04998dB9fe4E9D48A 8 885 89
98B18A098498c87D96FA298E8eFdaFdCFdDBE9f8 882 7 88
f9b8a8aecd6980C8a0D88e1A6A89Aeb9f98f595E 93 8 3
6fdCb87881599Fc37ffEb088A6E192dD0D7Ba1DF 96 7 9
E89Cf8FCD31CCD09f3f896FB09eB338bAFdfaaEa 9 6899 28
8BC8989088bd09895fe1cb2824199a309FA9AeFA 748 9 8
eAF0a9BC1afa188Ff8BeCB98799145a8a9Eafc8F 8 8 8078
a3fbCB39c98EaA1c9f7Fc1C91fAAF33D0FaDd880 8 275 5
4c2De5A89D7a8c46e68eE087eDdBA9FED4ad9b9c 81 99 3998
324a4a3a83D4A2FE89C8B5f69FE1F78A909a8ff0 902 8 68
9981FbA9d96FE88286D4849E9947de804bf4c5Ff 7 72 83
9B9f89aAcA8890EFEa1E18e02A2cd2a3FEbf2828 4 79 1
aC3934E4A3a9D3bBE9D0CA79fa4AdbFAA9E0ef0E 8 9 94
9399AFdA4FE348487c8C5905aafF5dfAAaaFFC92 4 81 8
9C3D859c9a96F299a298f25Af3FA81bbe8485D7F 9 98 86
4b998898489fd18Abc8329cd6cFCfad22E0a8c12 8 8 77956
a66eF8F85bca7aA88bD98f9a48E991EBEFc8F5C8 9 5 9
C8DAAFFdaa38197aA9B99C9aD8A99A63267c8f99 8 988 880
4035ea9880929A8f90Aa98Ab6FF2888ad9BCa9FA 9 0 83
9E929F6C8Ef963448F9DA8ae09f8bEeCbAaAE8F8 9940 48 6973988
fDec928bf1a8EFcaCfC6e8ca79318BcBaFe88418 8 2 6
8F8C82A8CbF9B18A2D4BAc8bDf895ebffe89a8fC 2 9 9928
cbfEf15FDCD9c8d824F878586a388A9Ee87a99F4 09 4 8
FD29BF75eE41F58db8e32E25faAa8f0f9291fa87 178 7982 927
1B97A8F8DDda18a29Aa8F9a99388CF3d98CdB88A 0 9728 983
DfE578ABff5A80B2aA10afFd1c995d84baF48E92 48 699 9
C0d9Ff8aCC376E96cA0C8E9AD9fEB8Fa9EcF8868 95 8 1
dD863aAf08FA18a7a8e895B6148A0aA4dD8Ce5A7 7 9 6
49F2A41c88e398f9Fcf8B83f40F59e6B82fFE72D 9 99 5
89998F7EC82efF939d9bb19AAa528DEbe9B97Ab9 85 7931 6
7a6abDBd9D8a85E99f8Fbe8fd9d8acBb9BEfe994 0 98 7
6e8c8a48F9D9FF8549Edd8882F9C9164AC925FD6 85 85 8
8F5f3aeE9a8f1ADea6d1C810c949c1022Ca398BE 8 1 8
84be8199af83F40458F8AB9A99d6ea858AF98635 00 8 3
8A4d972099ab9cDa989Fe0AfaC5a7Dd8AA178F13 1 3 38
Aacd99BFf8892aF9EeF94E1F0F825D5BE984f8D8 097 89 95
CAEEAaCFF0Ba9cAc0822eb7A8E88e3191cfFe93b 9 8 480
Aa4A16a97bEcaA94B9FaacD9eBa18AA9C89AAcD8 978 9888 8
298815E814B5a5fafAaF34dA289Dfa8cd9F399A7 8 7 1
DdaFfFaB86083fcC2be788Ec999f84b0F239FaF1 5 82 9
859bB5a44a8cd899b5ccf3Fd8c599a02F58aC9aF 9 09 89
Cf59CD8A80bA88b8dAb12b9e8fF91a30deD4c9bE 2 878 8
fFAedf8acFfAddDEFACFca39FA7c99cca1AafE20 68 9 0
fff999Af9Adc8ad9F893bba95dbbe59B9937Dea9 5 3398 88
30ca888cCA639B30AFfEF3f9Adeb0f1b8e8aB199 1 7 9
E4689AA8cac9EC9961a5ea258618dB28e8f40102 6 4 9976
8881AAeFdCF489FE89aBaa0EfAE8ea887Ae0707A 39 75 0
880AeDd849a8a88F8D39278028aA2Ac45fceEE7f 8 50 9
14E87f88ab9aa6093385838C9a794EEaeFFd24ba 7 808897 68
AE38Fa9D099F3c987e998b8D85dffF178925Ff4D 9769 379299288 8
AFf6bEEa6B5B94A84301F798Ff8Bc949a9168961 9 19 87
70Aabce6f18af9efb5F491A4ADb0aF60bE7fABaa 8 16 9
88E7c5f535D20d3A96e39cC8Fb07a9BFA95AF9F0 980 8 940
C39f6f89cfD0ab18A88848C41fAf50eae70C7F94 9 78 3
5A959fbFAc49b5F74EeE59f9a840cDFa89e834f4 949767 2 57
a3Ff96Bd7252B7af11f8cFAD9efA14882b80fF92 8699 3 284
B8EAA944C91d48FcaBa8f89A3CE83fd8BAF8CC19 60 9 5
B8CD82CD8f8F968F5E6c8acF15DB9C8f08B82cA1 394598839 4 9
66dFaf8D9Ef9ECfEB9dfE4Eda9BF85d9ae2fd8bd 8 83 8
8f3B9fEca41bF289B996aAF789842D78aF88F898 608 07 5
F39a40FaECeEb5d561C9c4225153aF88E2fFa9F1 28 1 8
fa98ddfdA4fAAF3aDfAFe1B9eFBF2A9ECEC87EF8 780 8 88
F894fAfaDDa8aEfefccd0679ea890EFa4AA4Ff9A 9 1 6
2C8d94f95ffff1f63bBE48D68BBaf9f6c9C97BA0 8 9 6
8FaF9818F04bD09175c8d64Eb13f9082aAdF3E83 39 802 8
1f6a9F914FCE9DbA8f3fF87Ede8C8eA688af29BA 3 48 1
AF833888FF94668F7fe8a899FaF8EEC6C0Fc8dEd 9 54526 1
A28F9fA95055ACAc9f889CFDEfbdcF9838b6AE69 8 90 59
25B556E88A6Ee45e98AE09909fB98DC99788C99c 9 8 2977
Fc99BA8ABCAe5bEf429FF69EAa9A8aFa289eDffD 98 2 78
FF38C8591dD3b9C972A981f514afc19ccC9c2Da0 1 5128 509
c9c0BA95b93de9aeba87d9b8a7D8130681F9BaDe 9 7 6
9fdF8cf5C6a908f80e2d0Be8DE4999cdA2ab5AdF 8 189 09
5Bfed98Bd5Eff7c8A848518bcAbaDe68388a9efc 9 85 81
5fBC92FA88288A8ee446d9fafBeFFf01971A9C81 8 9 5
6B37959E36E4Fb9FBccb6E36FF89cECFba5Dfe39 7 7 8
84870cbA5410A843A999fB9F35188098Ca87F3c9 1 6 9
9CdDa1Dc28FCFFB6A7D9F949b1AaFaACD2C8e08C 48134 392 4
38fFf4d888fABF44ea75f8fAF398F2dbdED79977 7 5 8
0A4E09f28F8aA1f895Ef0810e4fafDb8fcFFa6E9 961 8 87819
512ab89a6817AF82cAfb9A81A70f1bB8adf9939f 4 7 778
fB8AEDf4cFFfa8BFbCEA398FF8C61aCFA1f948D6 975 789 8
79538ADDdEa2d0af9aB78CBe71a68Eb418F8b6FA 8 7 9
aF539b95B9D9cf69481a8a98fdcBFE69F4F82eaB 4 8 895
C89FFDD91a6d6bF859befA89EaFa48fB5144a8Fb 899 96 5
eB98f8AAFa38C84d8F8a896f98c88a96CBEF6Ff4 9199 384 858
1d8FeF80800F8A90d6D89e28DE84dcC8dc25F48F 94809 8 8
92b999CBFAF88dC888Eee4b77Aa9D9728FAf70fa 7 9 99
af6eF7cA9887b59FFF4F0BF59CaF288996A4fA0C 8 9 81
f84795A8492c9CBf8E8936a7C6804bc6A53F9fF9 28 8 081
9C4d4F978F2c66FBAEFc8198d8CF3f8F98c0Cf99 45 2 2
Ff78f8caeFDab9D48AbeFCD92747888FB9A1BE95 8 9 9
8EfaAA9B39FaBB89aFAEa9a91dF2B8aEA3CF9892 4 1 8
f884df8F949F2A99dB1a90fA9Ff929d95aA85aF9 9 908 74
8a8Cbf8A8fb62FAA4f8ed9FdF91bb19f82cB9f85 99 02 88
8fC98375Bf9fb2882Ed891ffa8e9cc8F2C9fAA80 7 9 98
f8FaaD7Bb4a2929b986AbbACd39D50f898Cd9999 8 23 9
9646af3CE0c19B6Fa9a36b7f1E8f8Cff838AF5ed 8 9 6
2d969687ff0A3bb33A1A9C889c48AE9C98883f8F 949 8 8
f4c088A1997f4327c72F93DfE689Adf6d7AF86ec 3 7 8
fb31Ff9a4C2A7A7aF96a6e2B388efadd5D8beaA0 8 7 7
d3BC89894aa919CE9F7Df28b178f8fF1f8cd0850 89 3 6860
BFF2785c85E4993efa2406a879C8BF9EcaC8fe83 85 4 883
af7AAce85FFfcC4AFF7DfFa9EDa1a88e887889D8 1280805 1 169
6c69CFf9Ab153a9C968b1D9e92aB9Db5e88e9FA4 1 19 8868
2a0fb9BF971CAFF8Da6AAABAf73f6fCf9C1B98Ba 5 96 4
FFe8A0cA9E8F8fEf9eAC961Cae89939f28EBa1F9 39 9 9
a3d9888A88D99880bf9aCfB949F0C514e80999Ca 1 047 4168
fDcDc4fadB17f9DD95F81998cC0FFC9cC89F6FCd 8 98 7
1a8bdfeAFcA1a9F8aF9aa3f88D04377072d29d0a 45 03 97
964899feF99F784f9ab8cC8D88fB28C779F099D9 59 0 199
5FD5cCBFd79C1aD9E811adABaDc8EeAe85988942 8 59 5
BCaA8815a2dd4fF962945fA588c8ed5C8d5fA22c 65 1 594
bBcCaEbBe7bbEfd390B849990f96f13598a8fbFd 8 0 97
df9BF9E80E7Dba98aac946674191B8AD99315f8c 8 8 988
Cff7833e8bdBA198fFCf4c1F398fE48Be6EC858B 92 1 4
b078e889fFe3eE8F9f1F959B6F2F0eAffA8EF497 588 8 89
faA9Fb7a8a9DFbb8CFbE8aF88f8AD2B83968C4fc 8 58 9
87EBAA95A98fbCb99A9Af9f75b2AAFc976c35cfF 9 2 1
bDaaDd9169486Bd83CD9d9Dcd5b9b39A3fFdA288 8 9 23
fe5D88486f9a988599D499ED3d28472981987dAb 8 600 6
9658A215198f678802f9A91f1C0a3f80a97eFa91 93 9 1
ad4B392f4cFA8285B8eFa0A9Af181fEAFea8959A 58 2 8
7869a5c900118cd9869E388E98c43aAe8f8EcF6c 1 0 9928
aC89FaFaAAF3DBcd998da42a8028ACcFF8E3BfDD 3998 839 88
993D2Ff9adE7fF844d9DAFeFa0bAD8D6f66924aB 07 81 395857
bb8B398e9D89a89AcFFf8c09bd08Ee781a953f68 9 8488 98
D2ea3a1F8a9bbddCfAad7EF31F58aA48C6Fae53E 5 68 90
8e1a2F9C18Af908A1dfaF1F8C9ff49AD94bf9E8A 930 9 0
9Cf8f45Fdd1819aFA6aa8842a8A9AfeA8Cc949c7 888 88 90
ebFB4FaD1a2f1B9894f9DCB9aBaCFeC6aEeEFff8 83 8 7980987
05449C1AC819E2F99D47D8eAe0D1F20F06aDCFe8 5 8 1
8f8F9E80Cd8fB379A90eA942A8b4108F85b16Acc 7 9 9
F99aEf9Ae8d6b2f99E61669bdCB9A6b57fdDA082 959 91 5
aE58CE88D9F9BE56Af3CbFdAdA98BA9A29b859Ff 6 1 3
Ee0eef898EFD9CAC8286F2E5dA880B9B2Fa97f81 5 2 75
2A9a45E5fF0fe97E887CcBe8c39208D85AcA9Ae5 178 9348 08
9eB46CA8B98Fe90Ff4a8A88fDc8BA8F0e6F8F192 86 5 8
ABf9e8A5038F0FcBc88e4b676FB3Cff3A4d39a3a 8 73 5
AfF74bAf10AF9F9cAf8ea8aA9BC9fA8FcCBAc80C 82 9 02
84ed8AfeceFfDbc89B9C79E81e0C58eDCe91baA9 38 5 8
6998f3a5F9fC9A95e9f8dd9064a21A8Df85A0F20 5 88 998
fB89dc8Ff049Ad0DAFbeaEFF9C0a4A53cEdBf3da 2 951 9
5936c58dF9A419886d5fcc2BFb4812913FF0c130 88481 9 9
A1988bDAFd8ceF3986Ef4a27fE98a93F0A29cf99 9 8 988
99aFc8a3fb9994929AFBBf98cF98Fe61aEa6Bb8c 0 22 8
FfA2aEC1e196ab480F2fa8AcbB9fD3f8f988D988 1 6 59884
92A79b078ADbc001D9c897afAF98d9AcA0955CFc 7789 8 8824
898aa88AacF3BA7Fc498F7fa5d0D97FF938fF7c9 0 8 176
F99F23839eFCB98FDD9BffD8AFfB8dAbF8c8eA96 66 846 2
FC87a5D98CFA288909Ab89F8B8999fa8fFAa9c58 9 0 9485
27A5A8d71aFECAe85D70999bDaEC48e89F38A09A 9 8 99
980ccE0fe8fef997899e2DB9fAeC7242989DdD29 6 08 8
880A01bdd53a84A80DbBb597f9aEdABe47970FAb 9 98 3
de99583CC9Babb348bA2bebEa97f818fa8FCbFB9 8 28 9
29C8a998bcaF9c98ab98af0f199F6f9Eaefc4aaA 5 3 8
aAf8919Fd42d9F8885dDC3c9A89A864Ffe5Bc909 8 0986 0
eaaa7DfC2fBCfEC08e54675Aa8C7afAA89Bb868F 24 9 06
Bf7dEf8ff9bE90eAaab39aE6fFB98F5890fbdAFE 3 904 430
8Ed28e9519d4ADaee667076CA1A6Ac608B8a72E8 8657 7 13
08E8859aBeAA3Fd5a4E0a98Cf89eA0A8de80698c 8 3 8
5738eDA0E992889Aff11328bAF6FFea88e4a8a3A 8 8 5
F9A357f8C1fa9d0f14897638bF1e681082f068fd 8 6 9
E2D18e8A1a9B9488B203E1Dff99e9eda7eeB5aaA 8886 4 1
f7EAf2e88eEabF9E88f6F83d0Cf1F65Cebddc44d 99 29 8
bF073Fa878bf4adaf8F2804fB3cacaB1E6a8b9d8 3 8 85
7b88977fFae9a988A7e9f8a9FF8D05c41BB98b12 89 9 8
068568bf8f9798Db8f9fac98cDA9392fAff41993 8888 48 8
cc502984BC49F2D7FeAf808c95CA8c7Ae93295e3 9 79 1
B2DE9F39addA949eaC1cde39b7dF389AEECA188A 9 96 4
A785976699b2bf9080BeAF7ACe2AeBaB9dBf8D4E 48 0 63
6EF94D7Ca86e1FeffaeeC8d8e8eF49e9edBfc8A9 8 97 5
ffAB88e2efDadfFf6687A842E49aD0f468c79C6f 78 93 119
dfa98B8d80dEe9c09f4BCccA0d1faaFC58C3bC89 8 50924 0
24279dfF89fA89f984A29A9BFbFe5bFA6D8948A7 9 5 9
FD8f4DB98Fa6469dd88AA495af92494496f8ab8b 23 89 7
1f88a7F34B89817a90F8D99a6ECCF95F89D09949 0 46 7
4eaff4aE94E78Aad45C7cD2F94Bb91E1fc1B186C 59 3 8
8EadDc66Ddc6aE87998c374ebf8aDd9E1a99878f 9 0 8
Ef98b89c8aF8fdd2CFcbA89c28c0356Cf1aFfCbf 99 12182 799885
8f8f8eC9da87Ca88B8eE82d09b8c0Af55Ef7b1Fa 9 7 89
3fca488F4ffD9da7D9F8F8cA9Ae64bbfec8b9fA6 9 918 8
F2fFcB40Fc4aA9108FD99F83e4f66499F0ED8684 366 58 9
4ec1dFa7F8AbF8f91779B8FDb9B99dCDa42D9ca8 4 8 7418288
8897ac8A98b8a9Cf89E16c95fbCB028DE78491C9 8 2 89
fFAB3ab9F8a8cf88Cda63A1A7bBe2b8fD59f6c5F 119 9 98
d0f8E60Cb716BEb846f9f9D8BF0c9BA6bAae2fFb 5 96 920
98aDf6cb7fb93A79A4a60112bABD60A21F9ba9f8 99 8 88
dC98A8ff383e8e86a68FeFA3acdFdA5aa86Befef 92 9 3
aBFD0CB8bD8FBa8D583AE98f18323acB6EE581BD 8 6 848
Ffa88609AeBAAcc92A2ffe948e79B899D94999bf 3 3 86
fF82ad1bb1299fC856fdaEb2D8E58ACD79dDbaeA 8 89 8
290a7180CFDA881336F5AA8e9Fe98C837B9931f9 1 858 397
B1B1ddAf1efF8aFd9fDF89Ac2aae07f9fC9f87b8 26 4 9
838B491FAa984bDD2ddF888a7c9FfD88d1F99289 899990 98 98
8aa8BDc8cA88269fDf68b8980D8A8F0da8FedFA6 987 6 388
1E8F0a8F19ca598a3EcF2abf8Fdfe89d8a4a8C02 8879 899 28
1E9F9ab879c1d9412c2A83f59f0f3AF98B13aFE0 1 9 19
0DfF7c9F45A9A29f80fCC68769d598Aaa59Be9D2 799 8 1
9A58624B988AC6bEE7834fd9F8c8b9fBc9AD71ff 9 0 97018
2caB51Ff95fEc988FdcFaedb290fCdaDcA9cbBa1 8 49 9
aD3896768cC56a990B0e12a2dB6F2C47a38A82eE 8 78 88
f89C5AC7808fdaC5a285FBfAb7eaa8a8bFb2a880 92 8 43
f95Af9aBFC498a8Da08Fea6Cbd9b2d8af294fB89 6 498 9
3fAD4E89A9E9aF980aB1268f2fe18fAf9bd88eAB 0952 9 74888
dd68bCa8dfaB788FAa2685d8b3A94Ae81ea8ea00 8 1558 8799738
C91fecbdF1b8AAE6f7Bb96FE8894f937eCaf9190 4 87 3
f9E30729CF89B910fcADc1F8e808F7fA7D8AAfb1 5 00 2
96FcDf8854969e8519ACb1448990085aC4CfeFc2 09 6 95081
3cd88FD79CFE90a8A53cf158BB9dFd8A9DCa169a 2808878 993 18
a6FE5AFBd858fe0cDf9A0fDD96EFc8305f9e9BA6 8 5 2
983B8DFD89CdB49d8BDf983E7c7F9a0Fe76bC66c 2 4 9
a4D8ec8BE8E8495b39D3f743974C2F18ABA2d9c8 5 9 9982
b26aeca885bc29B5D109A4Ec8ADb4cEa7aABba9F 83 18194089 9
2f28a9d92a0FffdFFE89a082a76719F19aD28A3a 5 9 8
B029dB70D2f789f95f25BceaB929F4F98999C95F 8 98 8
1889AB9CE7954469dfB77b3F09BFa688A30c96D9 2 6 4
a11A99f406bAAaCeaEFd85Bb9AA8fe45bdE0eA4F 08 8 9
FCc5c8E6FCD93A0AE89c9C038Fa28FA09AE8cfa9 2 88 0
976BDEf5bedf0C7CcA8DFf8f95fF1F2F9d8E8B8D 9 9 8
98d9e3846CAdE9DdF9F99A59d5ab98Aea4A33990 972 8885 9995
AAd83BB9A94a28a44ffAfEB2A969fbfF67079C9A 029399 2 29
dfea850b5Dde4aa8E99b990433872c9e69b9f879 05 78 1
FCaCB959A84F1C5F3aB2A2622cF839C9af1Ad97B 99 9 889
299F885F1486FD2ADEFB8AAC0dBF58eA7789A30D 3 92 81
f7A9fDf50E6d9F8fB68Cb8e8259bA808Feb095F2 569 19 9
EB9d9FeeeE2aa5efAf7F928aBC5a9E8A3AF41397 389 9 892266
fC88BCb93efa996EDBbf94ffCFa9999289DA99a5 3 528 9
8bAA2A4d9680E3a7ffC2bb67699f299998C9cfaf 3 497 841
096Baf44ac3f9a8Badb7dB9cfd989b83Aa5c32F8 9 4 9
2bBCe89A6A189E9ADDc3CFa4cfB8abd93bc9cc54 8 59856 48
597BFCCeA899Ae8CA8896F02a8fDba79AfFaAf9f 3 95878859 89
C585FD9DfA0e8997ff5A98BceA39Da949a8fa99A 9 2 6578
071989d029a78e6488eF627efE7cd8965A8698fa 99818 8 8
b79fde88E1Fda8d9FaF8fc4A68D0F86EB8cAed9d 93 6 06
90FA0E9a0f735FBc83aDC2FFC85CA1EEbaC8aaF0 89 0 8
8aD9EfaaE7F99FF519aA58f0f34a5Fb976544F89 18 8 60
f0FE98a8c918989F7440904eCF2498CfE0C04Ad9 0 4 9780
E803AF46f89Ab743aC3F969E2aaAd34c4fc3329F 6 8 73
EDe426A8b9d81e0714ccC9809189A8fFAD9b8F19 10 9 1
9AAa32FcC94A99EBFdeEFcfA6fFF8827FE86AE0e 9 8 5
E370ef8f41FD966ECd8eAFfc7F31e20f1A9799ed 8 88398 6
B59caB57d482F81a176880B86ff9a3Caf99A888e 9 7 898
116A1A9f287c4A0faD8b8cA9183fD9f9DF51d8f1 9 7 4
84b78Ce99F99B1a78199AeaAd161F98A87FF806C 9 4885 988
8897afC9C8889C865d82089cA88B5A3F989DB293 72 9769 519
3F8Aa988CC817C59a8fafAaDC88BfeFf8988e899 9 3878 9
b45367c98b80F4997cFbb6a9FA82bF9dcf8a8479 4 8 7
813e8BAf3fb8114f8aAd9faF8B88D239D99F8f7a 12 286 8
a9B0aAF9Ae9D5913bC991bEcac199aFDadA8C89e 31 18 9
688Cd3ED9bdA1895c84dbC221F33789a2ADBe3C1 22 9 8722
A88A1A7Af90FbfEAfF84964d105A80d2a980B588 8 9 260
48bEc0Aa9e30ADc9CFaBFa9AEf18984C8FDa7860 9 5958 739
ad7a8127a88fFF9f1A94C3014bE23aAb3E5fC51B 99688 3 2
bdC910d99BEF8fEf7A24b8Bbeadb8E6F66089aaB 58 8 96343
f9179F8805fA88801DacffBFe9ff9d1f22eA7Aa8 9 18 9
189D98B5eACE885d9F8dd9d08388EfDfaebbF9c7 0291 3 769894
9e59774dB6f3Ef1F983E9f99Cf99aC991B4fA1aB 5 8 8198
DB8EDCf39eB689C89872ffbFe2D8650C7BA18fDC 9 256 5
e8Fa9a023A278fB09Ba8f83fFbE9e9dc389392f9 85 83 18
7e199a98999a9207bEC0Be8e25a92b2bFB89F59c 97 285 97
aada0bcA9187189cf6Aab263f96f2e33683Ec2B6 9 9985 8
b27Fd0FAf9a8995d8C502aC693528894FFF99bAa 9 86 8
6E81B5a3a84B9b98A57c887aB44bC2daD94Fba89 1 8 99
B55ade7daFaFe8f46BD98BFeF77FF8995B68FcAC 9319 86 944
f66Bf2feB5063aeAd99aCdBff4dc88e2A6fa92C9 983 4 996
FfDf3681589bdFC98FA059E86988F8da250ffeA6 985998 83 5
78FB73f9Df8A0729990aAEe18014cBfEFDdFb9B1 80 3 3
2be9FcFCbacf968a86c8fc8FaC88B789DAEaD986 5958 1883 899
69eaA9091Da63f3CB8839F288796fBd4dDcad9fA 85 889 8
aDEf87EEdbAE9AA193592c4fdaA44187208b1E18 8 33 6889
Af6dD79bfAc98ff8dbF9d8dAa80Ac98FD4ef6882 5 94 1
Ea989fACB75f69A5Af0bE74D79c6D55f8a4fd948 2 2 316
84b388b93A2F69e4D8AeeC4092FafaFF15f13Dff 4 6 1
93EacAF3819507B5FA6075d9D99D6dFFF9fA8fAa 8 182 6
89F9Eb4cdA9f0f89Ae6f6888affF82a5aB8f500E 82 9 1
7f2cCef9a088Fdc8E39AF2CeefcA898aaFBC372C 9 0 778
A2B1FC7E4D65Ad893bEEAEb5978bBfDf6389eFDA 2 880 21
cE7359f9A299AB63DA905Ff4ef6fF93CA2091Bff 8 97 7
8e9AbB3f45E65f79B851F83bAd944Fa86559cf9C 9 5 857889
29FCa553989f4564FF881b0943ca88EEa3dBE9f4 30 2 9
4c60aFF8aadb5878f069f9b889CA9ae89ac9F191 89 93459 7
dfBF398c8fCcaC738B7A8bF9aB5Cc8564Dfd9e59 78 7 829
EC94F598ff7abC7F18acfa5f99879A8Ae37189ed 80 5 90
0E8b8FFB830FFdEDb8F92fFA8e8A8afFf9DFAeFB 861998 809 8
9ceAa98D64caBDB61Fec9bE17e1b2DC03c9fF98c 8 9 989
9Ba52fa85c89A8BbB888Bd78E27F1f51AdCAf0dB 8239 86 1
C0806C0898537c9C9a97987A7cFf8CfFA57fa8F8 072855397 2 52
C938cb9F8A9c9dd29efe9019Dd86f93eBD9C29F1 2390 994 0136
3307bEf9fEBaEFcC288CAea9799a9Caf12a832c9 6 4 48
61ac8dD19908A88005f7dCE13EAefa9DBBdFFa2c 39 62 1
AfF0a71f808f992894F97cFab02da816AeFFA3cd 9 52 96
98F4af23CAEd11CFb9f82bcdFc0F857A5590ED8e 685 999 3
9D3fbFb5EdfC9dA3dAcF0ca1a5897c8EaA7B811E 99 9 9
a984Bca7FeD89b0bc6aD0Faf993B7a0E689caFF2 95 38 7
F28F1FD889898887A89AAaeFd02b232C978C4Fa4 5 9 47
965789dd8fadff929DaFa8c5efEC9BAaa9B93028 8 889 8
eFa8D86F801AA3942A1A2BfC0A9b4E8A69bDec9A 6 958 98
9F94C3e0b28888Cae5984dECF8A9e87a2e931C9c 8549 4 9
1eEFd8f9c96C96488b3991a48E3958aAfF380D89 60 19 99
c54b3dA085CD89AFc57968A99f8f99D58F43932E 9 5 828
f83AF81986888e105A7AbabE59eB754f8889F9f9 4 795 9
1b3dff0c997c9A8B49D59f88F52fCF1Ae9a9ac98 88 9 1
4B70f8108858cdEb2BD53C8855D2fe49C3cc89Aa 3894 3 9
ffB689A5A0ac6BAa991BEFF2a992778aa9911d1F 854 8 9
a886CC78BCa8E987Aff884fdA6D3C1AB48496E7a 02887 8 299
BE8fD89F5EFF5888C28E6D2DCaFB8e8C36FA5900 835989 85 1
353A987Dd0ca87ad08183A4887f290DCA49Ff8EF 9 883 8
9F2efEaa6dd9aC9a998CB83b598899Ca1078eE96 12 820 3
9886Aaa49FC6899965aa2f4A8A89C888C6e9f985 9 8 9
9aB0877A8f0a089dFf941f639724ce8faae19F47 188 91 3659
85a8b2FB7908aa9C7299ceAE5c98491A3105EaF8 59 62 38
A2828A9d9f4bBAd9814f3CeaFd29A2eaecD2aF6F 89958 8 34380
025F9Faf89c88AF0a916C9a29FA38e5893f8F89c 4 04 1
A982bbc99AdcfB2FAF7E109d76bab475ba9BAFC3 48 0 0
878f89F95aeC8cB99dfbB3D8cbAdbCb9abf2a9E8 82 8997 267
78F0dF18e8D2b78Bc388a9D6B91ac9c99baA8A78 9 7 8
0883A8aFA789A9F9AFBd7939e4eA9BEa9592AB89 88 4 8
385C6AAa6F55e94Fc81868A8588659F7Aa387971 885085 83 83
9fa86888aC39AD3dF1bA930828fe82C9bf1c5D1F 564 80 96
fCEbef9Df9e8AB9399FCCeaCf886fbD18Ae8825A 8 8 88
9f6cf88EA9A88038Db7DfCb0b8aEFa584f8F5Ed5 9 0123 9528
2799aD9832abFFfFE7DAf953DaABaA9885A2fbaA 90 46 37
fe7e867e9aa6dfe68e98FF09a8DaA09e90aa88Aa 76 550 9
Fcb1fE1e9b8Baf97e63baCfE94feAFB9f870769D 83584 8 9
3FC99A85fA8b870399ca4dBf391188428AcfDaA4 99 76501 63
2bde8389eaF17a9203CfC001A194B0373A5CaB9A 2 98 2
a8eB4AAB0ff8f5cB76f6f9f981977d1dA92CA1ae 1 9 95
C36fbf8c72A89F3BB69AA6F0a9C5A88DAFBB48F1 8 9 993890
889C7FcCEAAeF9b01A80bF74988D89a9891da78B 882 9 30
9e5eE9FAA582E39E55b80A3f9bc9889696a9cFFb 2989 4 9
2c8aca71EeEE140Dac18599fA8AFc25Cc00Eb9E0 05 9 0
8bfa88df39804efCBAE8F69889BD489B5f488597 88 0628 8
8B4D8aab98ea8EE8EC5889Df3Fb9cc9385Fb242E 6598 96 42
9fFcbcAEcAdF3B0f865648ACDA8A19BdF1AF9cCb 9 7 8
939A7E9878CF7bAc99e68929cAf819D1fE885c29 49 79889728 524
B38a0D4B5cE9f94f6f0a4829F8aAEd2Abe9B6E9a 1 99 48
77f39f19A9489b08748D8D9F8D18E3fDAFF7aD9D 9588 7328 826
5989Cc59B7189cfa9928D8A8aAe33D4Ba9fCAFef 7 8999 0
C9B8088D8E9eDb994Dffd483bA2f8D8aB755a86C 576 9101 881
8Ef57CaFcFefdF6EFffC84eBf709ceFbFfFA758A 920988 8 589
3660789729D2E428D599f1F80D888A42A9249985 94 797 82
F9588a81FC0d78bF5dbC559dEC9fAd8cBFFAA38B 968 8 79399
96fff0b9D998C8FDDB80999AD894DdF9Ba989eA5 3 88 2
6faFa09Ef9B9d3AA0Ab1842888598752bf09fA93 898 9 5
8899A1Ba15CA08A96DfD890988bab801a954fa79 787 81092 8
25Fa28f79e1588dB9CFc8B8Af198C8b0C9D7567f 689 3 93
3Dc79FB899AEa1C59a9Aea6fAdA89b553e2F8Df9 4 808 9
61C9DeACBFbf95E4fD7b9B8909F38fEaFF1e5982 8 894902988 2
9ad81596F9A8975CA8f985a6f4F8AdBD168e7Aaa 8 598 289
A8c0fD706E4B4aD76B8B680889888889c898D698 91996 9 964
817f559aC8ca4F80aF32057f5bDA6a6B988C8939 2 8 7
aAD3FfA88bC896067b8A662FfFAaAef8d0b2Ad9A 2 9 8
980E86Baeb1cB18Fd76A0E8fa8d8B768e9AdAaE8 8 1 048990
8298e28A9989596898ed9be48Eec12CAf29f9Bba 9 98 171
7A3fc8a0149fCa8bd8f9C0e85c8D5aC8993Ec2d9 9 2 89688
cDa28fd4b890AAb9B7fABFb82F8EDc90fFaf18f4 1998 1 3
A9fAFb9dBf0880A9E8FcfFf02dAF9CBFeDe9F96D 7 998 49
2c3Af82FBBf9d8986FfaADd99584399FF6ED99F5 57 0 69
aff2Fae8Da7BcdFAAfA2d76A8f8E55EDA69B7A8d 1 48 9
bD89fB8F8AAA6A9BD06fA9E98d1f8fBF8eF9877A 9 128 98
8A79dEFcE989a792899a92B977A8Bf9abba8A8Af 9 97839 18
890EF9958E9B187CFcBa5e8CCA5988394A8A8CAC 29 29 86
e1878096fea989FeA81f84AD7b499d9C96897062 19 99 21
