89.8889
43931.49
4281.434
9.1
289.879
899.98988
8.9
372.3
56.85
9.82
493.08
48.7
9.890
39.579
697942898998.9
4.3
0.9
94.188
86.56
868855.984
0.592
1.90
8488.999
9.72
9.3
3.7
918.9
8.8087
5.8
5.9
18.0
4.7
5.92
6.90
99.15
6.9
9.95
8.96
6.98
1081.1
9.2
8.79
9.5
8.4
7.8
4.8
84.889
899.9
92.37
859.4
6754.19
8.48
5.88
185.58
78.95
7.9
8.5058
1.9
78.2
9297.78
26.7
68.7
95.91
9.89
69.58840
49.4
48979.83
9.87
9.8
1.38
99.0
70.92
990850.8
7.5848
8.3
1894.579
75.3
9.734
6.8
2.94
18.93
9.839
09.52
88.3
9.843
5.5
289.5
0.76
70.9
59.233
7442.9
0909.883
999.9
87.28
38.7
07.6
818848.0
9.91
898.8
3.8
9.965
09.898
3999.208
5.7
9800.9
911.54
8.325
895.191895554188
9.28
9.50
782.5085
8.35
0075.3
89909.9099698
995.62
89969.6
2.89
0.90
2.82
91.3
59.016
2.6
9.889
9119.894
88.9088
8.7
0.1
8.598
0002.7899
9.0989
9908.18497
5.1
8.69989
69.888
953.86
29.5
4.075
8258.49
6.92
790.3
0.99
8906.8
8.848
5.889
2.59
588.1
12.29
7.3
20.8
9.2537
2.8
8.8
5.2
9.9
8.2
9.999
9.7
8918.2
8.1
8.82698
88.2
74.08883
4.93
99.8
5749.80
0998989.50
3.8528
8.6
7080.6
06.7
0.8
88.9186
70.79
7.9885
38.8
0.687
18.6
9.99
958.9199
93.2
8.88
030.398
738.7
4.83
8.15
188.9
86.79
83.9
835.8
86.83
94.804
71909.2
9085.338
97.4
8.0
98.015
765.0
97.9
89.3
93.8
90.68
8.499945634
0.88
889839.661
178.73
499.3
58.8
9.0
1.5
1.7
28.3308395
2.5956
8.9887882
97.985
8.99
79974.3
46.3
9.438546
3.998
1.2
4.9
96948.8458
9.98
8.56
4.0
686.0
962.99
4.6
59.799
89.1
288.8
9.898
28.698
8.78
68.4
88.5
12.1
04.84
5.897
98.29
88.85
82.99
8.06371
98.833
88906.6
80.0
888.8
79.9
76.9835095
84.3
992.95843
4.88
80.971
2930.763
87.8
29999.9
9969.9
98.8
988.8783
98199.1
71.78233
8.9986
9.2694
1.09680
893.779
8.948
49.3
593.688
88.7
399.8
9.86
3.31842
8.03
06.2
6.99
8.7807
0.092
999.0
828.9
30.49
1.4
9491.8
7.82
0.9899
0.3
09.2
78298892.2
395.8
2.2
1567.88881
984639.5
90918.1
81.0868
88.39
39.5981
967986.8
0.9963898
95.6
58.9
1.039
41.9
128560.6
2.3
895.67
8786.688
650.8
0.5
16.1
597.4285
5.2899
09897.34
695.744
094816.89387
70.8
9.199
78088.98
2989.48
62.99
38.9
3996.1
3.6
9898.09
588.8
6.6
931.0
58.6
1.1
94.8
89.9
8810.9
66.606
8084.90
46.7828
63.3
98.97
993.779
2.1
99.96
89.8986
48.8
8.909
4.4
8.985
8.99738
38.158
6.92590
83.166
7.504
0.399
088910.9
0.7
9.987298
54.18
98.99
9.664
3.9
8.241
7.98
98.94516
9.75978
949887.882
2.9
37.88
3.45
83.487
7898.5
1.95
7.4
48.98
5.18
54.98990176
9.99810
0.889990
42.1
167994.1
80.9
29.928
83.4898
8898.1
99.8292
0995.9
8.89868
88.8
9888.7
