58
-5
97.9
-99
4
58.77
889.9
4193.0
9.92366
-8.8
93.823
3.4
-8
89.51
-93.4
88
0
-4764.37
8.94
-9388.0
8
667
89
-8.1
12179008
-1
-0838.4
-58
99.7
-98.585
0.1
6
-983.0
-88.918
83.2
-6318.90493
-9.809
-993
5.8
1
90
-9
9.9
-919
-2382.8
5.96
86
-287
-7.88
-874
69
-2.9
89.1
-898928
91.4
-799.67
-988
-989.89
-09939
-9.8
128.19
-9.1198
5
-98078886.9
-7
-882998
-8.9
3.7984688
-809.7
-8.98
884.605
9
88.4
-65.80
15.8
-0
-0.9890
8.8
8289
789.9
9.38
4.5
8789
-7.2
-96
-6.88
93
0.921
3.6
-87.36
-9.2
0.64
499.5
-5.8
8101.2994888
-26
-3.6
38
9.99
171
87.999
3567
9.920189888
7851.199849
980.8
-899.884
9838.393
9.1
8.9
-1.8
-894
-9.6
1.4
-94.3
9998.9797
969809.9
-6.6
-8.99118
-3.18
-1.1
-3993
9584.71
-1.92
-62
-9.4
-48
-9.895
79
-8501.9
98.9
8.1
0.9889
3
-0.9
88.59
-4
-16.4
-2.8
3.12
-7.8
19.94
-89
95.8
-2.294172
-3.00
99
48
989.9
-8.0
489.3
45.2
979.9883
49.90
81
822
-88.93518
6.886
8.89
-99.83408
2
60
1.8
9.4
-8.5
078
535219
-7.969
66.8
885
-60.8969196878
7
203.7
997.9268
43.9
-949.8
599344
95
539
819968
599.8
-08.8
-9.9
8.458
7.5487
-83
-9.987
278
-326.97
-188.90
-288
7.92
-2.521
-118.868699958
5.208
86.0
99.0
-9.029
-7.80
-2929.368
10.8
3.7
25.2984840693
-8.7
887.586
2189
31
-7.9
8.86
-69.9
-71.1
889299
-38.6099299
54
6.9
86.9
-0.895
-59.4884
-6
89929829.179
599.848
991
7.8
-1.883
789.986
-827.39
80.90
6.999
451563
-3.4
-1.949
-98.3621
8.99
-719
991.80
-70.7
8.309
-999.1
3.3
98808
-250283.0
893
185
17
-8.18
-4.9
22.8
-03
-9.08
-88848.24
92.9423
96.899
9.9866
-1219
-8490
-19
-88877.9
291.3
-10
3.38
-344656816909788.84
94.949
80.9
82
45858.890597
4.9192
-3
988
-5.7
-7.1
8807
0.7
-888
-8.87
88.12
99880888.7
-89.8
-5988888
-82619.89
-910
934.69
658598.852
159
06.99
98
-90
93989.41
2.76289
916.0
08.881
9.5
68
-9.15
-9.5
-09.8829
-4972
18
-8.2
-871988.8
454
887.0
-42
96831
819.7
-9.91
-9.94
3569
-79
-0.398
-88
850
98.4
959.49
18398.8993
-786
-6.5
589.5
-94
5.89
-5.508
9.80
0.199
-2
-7998
-98238.7
82529
8880.7
-40
-9.89282
-78
18.8
8.718
5.9
-98.68
-8.39186
-9.784
97
-05.7
-88993
8.8999
8.886
-21
2.88
288.9
-2.81
4.9
29
-852
3.8
-68.3
-3.8
-506
-0.88
2.5
-06
889
2.1
908
9.2
9109.0
-4.988
5592
-1139
-9057
-89699
-98.959
-94.9
68.91
5.98
-966
-0921808.79
-89313.9
8.9669
-1899989999.098
-353203538
99.091
3.9
181
-6.8
7059
-5593.9
53.9
9998.8559
-75
89.3
