09
9
0654989
499
7
08
98
8
6
54
4889996
0
89
564
43
549
8974
919
88994
3
433
85969
99
888
96
861896
15
1
4
689
23
417
594
909828
93
69
81
3970
44
2
88
999
94
8866744992
58
784
769
19
002
595
829
496
545099
488
188
8786
5
8491813246
79
198
2499928
18
59
46
498
980
99502
67
1335078
86528
83
380552
875
94878
80
86425
448
852
89828
894940
990
29
87
839
55
36
843
50
32899787
808
3406
39
909
988
49
888892892
900
3097
68
92
3851
698
827
817795099
559
63
928
75
91
8949
413
998
82
9955
944
95
72
399
78
959
4418
9403
62438
78398
9984
38
490
51
978
997
885
918
9589
7298
981
810
968893
76
22
2978
009
1968
8838
36743
795
8480
86
084
8888
951
4919
328
989
25
898
818
41
6025
88494
789
189
921
423
58998
72884
97
3564
84
019
86789
9294
891
89337
6859
24348
90
845
13
28
73
7251648
70
907
385
898918
381
948
6992
06
85
698988
17005
63898
789084
74
452
37
639
26
6908
184
697
838
81909
9918
3568283
83828
479
45
199998
4788
3185
180
178
48
5840
8988219
00
906
30
849
42
6388
93996
4399
85469
8899
9099
66
39852
2992
88889899
336
1128
9172
64
88197
3152
6730
820
964
8778911
05
938
9797
87199184
71
02
7847
8817
8807
009819
97404
2206989
9999
038
344
688
265
8857
889
679
940
7138
8636
27591
859
942
32
98386
9389
492
9189
6809
8414
9748
8884383949
015
7154
0139
871
9279
6289
9225779
888982
819
10
24
889558
5274
642911
89688882
5493
878
099
984
9989
8029
708
2968
760
547
2859
994
1187
80918
2929
8221
13031519
883
01
804
858
381899
939
009589
879
74398
286948
182
8056442
9909
522
095
12
848
63998
6799
85987
920
8286209
2048
47
6598
380
6188
79984
88389
5549988
00795
88778
916
523
809
9093988
14
8599080
2680
191
9887
823
88298
4993
40938
091
91820
0199
94629
881
045
696
810893
9847717
8989
388
598
6419
749
9908
751
60
458
885880
893
849538
290
3199858
094
9485
8873
7541
6398
9799
4898
