8295
7183
8968
8394
9089
2988
6678
8797
0186
8088
2956
7889
1069
9994
3378
8867
7491
9868
9264
4888
8689
6959
9288
6898
6938
0799
5085
9968
8991
0838
2768
9844
9559
8949
1398
3499
9263
8849
5509
9846
9989
8385
9920
7897
8987
8749
5984
4878
8399
2183
8079
9538
9911
0846
9746
0931
4815
9895
9508
9798
1880
9886
9893
3948
8964
5084
8688
8694
9949
9803
6888
3801
7873
9181
8802
6972
9468
9551
6378
5669
9591
3678
4386
8298
0892
8998
2991
9745
2081
1589
8748
9869
8759
0460
9988
8419
9764
3993
9708
4889
9439
5038
8848
6874
0486
5786
4299
7883
6910
9998
8946
8318
8758
6801
4234
9979
2893
8789
8323
8389
8488
8899
9598
4839
8349
9908
5958
3879
1730
5999
9589
8979
0788
8519
2989
7140
8922
6999
1740
6886
5598
9698
6992
0889
0587
3955
8664
3598
8643
2599
2635
9789
8960
8418
7734
8894
9370
8944
1965
2604
5470
0245
0988
8059
9699
8027
6946
1099
1891
6989
9489
9039
7935
8888
9793
9349
9388
9199
0553
4298
9981
8693
1992
9849
8388
9830
8965
9899
7249
9999
2199
8818
3988
8808
9882
4938
0869
0805
7286
2549
0999
4108
8976
8858
9086
8598
2185
7834
2883
9795
2998
9929
2890
0890
4462
3460
9487
8591
2849
6119
5249
9005
5922
9176
8338
7294
8926
9820
5837
7999
8604
8842
8413
7359
8883
8879
9298
3129
5761
9883
0098
9145
7697
9838
9963
3298
2694
9890
6814
0918
1669
9808
5698
3893
4659
9002
8391
3468
9366
7944
1363
8687
6088
6638
8003
7867
0992
3184
4015
3730
8852
8149
7199
8859
8345
8539
8900
0449
9672
9240
5091
9098
0984
5569
6909
4551
0925
8820
4896
8699
7851
6448
9286
7918
9892
9903
8378
9839
8983
2805
2284
1298
2807
5895
8578
6875
9228
0872
5897
2948
8162
6299
0888
4329
7018
8984
9580
7908
0851
7078
2851
3981
9843
2789
0827
7994
2670
2738
9488
1389
8090
8840
0340
9177
8572
0489
4986
8194
3976
2398
3081
6998
9096
8608
7450
7563
5991
9858
6830
9796
8499
1899
3492
9951
2847
9897
6319
5853
8819
4819
4188
7998
0928
6125
1115
1400
4995
9902
4322
9889
8936
7493
8895
9992
2218
9973
0368
9397
9319
1585
8299
9938
7380
8589
