1532938888.6
1824851829.8
3995190961.6
2489386809.5
8885489388.9
9877799190.8
3158998188.9
2268325999.5
1803985668.8
9969510919.0
8999069397.9
8889898982.0
7733402884.8
8858208098.9
5989337898.3
9884848990.8
9933776680.3
5953148929.0
8827988890.2
4841829880.1
7982440849.8
6882491988.4
6902900982.8
0597890323.8
0823969005.4
8670788858.0
8889668190.8
4289889680.9
1919999898.9
9759481839.8
7544291894.3
4196755094.4
6449997799.8
4889504015.5
0908742879.2
8728880688.8
9899280358.2
8998999888.2
2914889822.9
2153883521.7
9398907947.8
5309583987.0
3665882797.4
6288042318.6
9994939343.9
9298787776.7
9698944299.8
9135199888.2
2288798978.8
9987699859.1
9889882355.4
4979688994.9
8709801819.8
8235891947.9
8859055627.0
9269594284.7
8222339848.9
0838373896.5
9740496891.9
8389969888.8
9984998828.1
1881509939.9
8982952087.3
9886877151.1
1410524588.8
9494359269.2
6898908488.7
8866768299.8
8899738689.6
8691689224.6
3495630984.9
8855885965.4
0096280178.0
9789998628.8
9938915501.5
8883887002.9
8974919592.3
2842888888.9
6889808368.5
3496438816.8
9183782795.2
9930508148.8
8694381886.9
9439940988.2
8299919892.9
8420849281.8
8429728998.7
5889994417.8
9898873899.8
9598911963.6
9982336521.9
9508039909.7
5898365895.8
4818788332.3
9978667891.9
4735594698.8
9888629953.8
4148145804.9
8103098879.4
7998998791.7
9949498996.3
6929792892.8
9110824412.3
4379684659.4
7899970587.8
8194988272.8
6849193848.4
8958888891.9
9969807499.1
6856086901.0
9598984491.4
9802868918.8
2382497413.3
6898985338.8
7288788884.8
8995938699.8
5532795896.2
9846980919.5
6995863590.5
3222200852.3
2898820909.8
0820997919.9
8792911890.9
9390008803.3
5288193289.8
4781296504.3
2278928837.9
8985881999.1
5969698029.9
8938902369.9
9968838998.1
8883985943.9
8419097973.2
9821508980.8
9261099854.9
8559989349.8
4580007870.8
2986979544.9
9098859996.9
0693928989.7
5390938888.8
5889398539.0
8009985517.7
8598989099.9
9826655268.2
9806781648.6
9181956808.8
8998269599.9
6881688995.0
6224721699.1
9778891784.2
9375581231.0
8596840940.4
9987946689.2
7836856909.9
8926903084.5
0816808809.7
8017881456.6
8889509989.5
8388992886.9
8288501857.8
8985281999.6
7882689729.9
8239919858.9
8759358998.5
4938388505.2
4498079880.9
4805698988.7
5382889929.9
8527248928.8
8989811832.8
9782398888.5
4991288814.8
6099789868.5
6823888384.9
8542257567.8
8018998059.9
5384824319.2
6098798999.9
9689480447.8
8979990838.0
8891268489.4
3998184690.8
9837229998.8
9784099198.0
7639804497.5
7399167899.4
7058889829.7
8979828292.8
8788148838.8
8893820299.8
5989744980.8
5328168939.8
8789439589.2
6988919599.9
9888891287.7
0088108985.1
6238298988.8
7871999429.2
8108885879.8
9842788829.6
8419592386.0
5328023979.0
0980492998.8
6268184879.6
0983286939.2
3758193916.5
9019297919.6
8039989785.2
5739032692.2
9388869854.1
9612148418.8
0928898988.6
7397030897.8
9986332988.9
4999559854.6
9388466256.6
4810289262.7
8998880981.4
9887899681.9
5989279476.8
9686749739.7
6908899639.2
3947258498.9
8836898985.7
2958189856.8
4799719916.0
4560036881.0
8093989149.8
1633938482.5
1450930989.3
8441169899.0
8814241198.7
4885789844.5
9588815420.9
6662579649.6
2794889629.9
8190389838.7
8099995017.6
0959892298.0
7479900840.9
9999898838.9
9968207988.9
9999294969.2
8965946086.4
8922919788.5
9399845938.4
4252799515.8
8998998599.7
3596469299.4
8619929935.8
8888309828.5
8990413978.7
8056935249.8
9094999788.0
0951106587.8
8808274189.9
9968998989.1
8995999869.0
1808319395.3
9698799508.9
9530818959.6
8397788609.8
9958963099.4
8279385589.1
1719990172.6
8930880995.0
3988588761.5
8983992998.4
1928949803.8
2794965939.2
1998886394.4
8935707892.2
3189798100.6
3629698988.9
8175890800.8
9289892988.8
8891697928.9
3690002899.3
4998888084.4
0872011594.9
4855839333.7
1400565429.1
7853166493.9
9898952958.3
9897410859.8
9990860898.9
8092951898.9
9980830639.3
9391899099.8
8814177748.9
3495150688.8
6932284986.8
0581945548.6
4459199080.1
7588991368.8
8092492538.9
9801868692.4
4988088199.0
8388662199.2
8996995859.8
9789258074.7
9459487448.7
4499886035.6
4800979188.8
0389689785.4
8806885451.8
8988703299.3
8939829117.9
8086798290.3
9629988059.9
9989869399.8
9998138429.1
5792975299.9
8399713299.5
7999044358.0
4288646931.9
7991899992.3
8859884834.9
6828995938.2
9384753628.8
7436588796.6
9383911897.8
0699422585.8
9468313949.8
1878087998.1
6888969204.3
2985799299.3
9898431846.8
3998428883.5
8168379068.9
9789879638.8
4139919957.7
8893118918.9
0183711959.8
9987984799.8
4885383592.8
9398805502.4
9848971838.9
4538991994.8
8884388483.7
9582999469.2
9788541029.7
7828999928.8
9469929888.8
8172559069.1
9986898953.9
8988898584.9
6899149899.1
9978393228.8
3569709990.5
8891946921.7
1160832966.1
8949856711.1
8353598856.2
6799581994.9
9998888929.4
8999949798.9
9703183469.3
6890885987.5
0992982689.5
3969429938.9
1138301378.9
4988819530.8
6888768519.5
0869889549.5
2338592065.0
9438698810.8
8298892987.8
2995808371.8
9495454506.8
4398799459.3
0889911729.1
4188899285.2
2989869150.9
8791186596.9
8369920676.2
2429841868.2
3899605695.8
5386078398.1
8438999989.0
8971438806.4
5496888859.1
8999291889.4
