-0
0
0,
+0,
+0
+00
-0,,
0,,,2,
-01
-0,,171
+054,
0,,5
01,,
-0,
0136,17
-07
+05
022,
0342,
022
0,,7,
+0,,
-02
+0,,2
+04
0,5,6
-0,,5
0542,
0,0,2
06
+0,7
+002
-0,5,,
07,
+0,6
-0,3,54
00
+07
060,6
075,
-0063
-01,
01,1,
030
-04
+02
-00
02
-0,4,
+0330
01
03
03,
-044,
+04,,
0211
0,,,5
-073
0,,
072,5,
05
-06
+013
07
-0,447
0,,2
0,,4
05,
-0,0
-0,,,,
052,471
-0,41,,,,,,7,,,1,
02,
0,,2,,
-00,
021,
01,,5,,60
-04,,
+0,3
-0,1,,
-030
+070
-05
0,1
+06
04
+046
0,7,
030,
04,
+0,4
04,,
+0,,05,,3
+02,,
+0,6,11
006
-052,
+0,2,
+01
07,0
0,,,,,
-0734
0,2
0,,,3
+035
+0,1,
+03,,
+0,,6302
-06421
-0,,,3,1,3
-0,,7
014
+011,
-0,6
+0260,
+02,
-00,3,,
072
-013
0,4
-0,4
0,7
+0,31650,,4
+000
+0,,,
0,3
0,,24
+0,24
+07,
057
+06,
0,74,
+0,4,
-03
-07,7
-0,1,
+04,
037
0,,,
-055,,1
07,16
-0,6,
0,6
0,0
0,,,53
0066,
0,0,,,,
-0,2
+0,,1,
0,1,,,,
07,2,26
+0565,,12
+06,7
-001
033
+034
-00,,
-01,7
+004
051
+001
-055
+0,,,,0
+0635
00,0
-057
+0,2
+0,5
-05,
07200
006,631,,,
+03
046
-01,,663
+063
0,2,
-024
03,,1
0,5
074
+01,3
-03,,0,
+0,,,3
000
06,,,,22
066
-0,,11
+01,2
0467
06,
0516150
+056
04,,,
-0,3
+0,,7
05,30,
+0,60
0262
0,,1,
+031
02,,
-034
+014
-02,
+0,,1
-07,,5,510,
+041
-016
+0,,10
-052,,,
060,023
+00,5
-03,37,,
054
05,,
-014
01,
01,6
-04466
062,,
+005,
041
070104
05,72
0077,,0,
0,6,,
0,,25
+042,
-06,,,,4,67
0,4,,
0141,
060
+05,
+0,15
+04,,,6,
0,2,37,
0324
0,7052
0463
+030
+030,104,,
+00,,
067,0
+060,3,04
+024,
-071
-06,54
-0,,72
+0,,23
-0,5,
0572
0,54
+0,,,2
026,
+0,3,,
+00,,6
-0,11
-0,,,,,
016
0,3,
+0,,6
-0740,35
+01,,,2
0,,,,
0240
00,,
-0,1
0,5,
-0,2,,,3
-0,32,,
07,,
-0,,,0,4,5,
+0,,4
053,
+00,,5
+051
-0,,4,7
-0,5
+0,,5
056,
0,54,
0,61,,,
-01,,,03
-0,,2,,20,
0111,
0,14
-04,
01,40,,
+021,
-0,3,6
0,,3,6,,7357,4,
+005
+0,,,6
-06,,
-0,1,,1
0,0,2,03
-0,,6,
-00,46
0,422,,,
-0031,
005
07445
+01,,
-07123,
-0,76
0,33
-0,117
0,1,,5
-0,,,
0,06
01,,2,
-076,
0,2463
015,7
05,,741,,,
+055,
-063,
045
+01,0
-02,,,
0,62
-0133
0,05,,
014476
+0460
017,1
-0,0,,,,
+01,
+0,0
-037
05660
-0,446
067
047
003,
03,,,
-040,
06,,,40
+03,,0,
+015
001
0,452
0,,0
0,2,2,
013,
0,,,3,
-03,36,
-071,0
0733
042
0461
+00,,4
0,05,
0250624657,,7
-06,0
-06,
-07,
00,1,745
070
047,2
044
+0,,0
+001,2
077,,
-0,,7500
-004
0,,6
-05547
+0,,,,5,2
00036
-012,3
0,34,,
+030,5
0,,1
020
-03,,
+02,7,
-0342,,
+074
-05451
0,,10
0,,,,3
+07,2
0,3,,4
