859999119188
59891828906
48978105894.
8987744901.
079499884888829
98856296879
978909895349
30378006974
8889296228.
0988946674.
8598883999.3.
9490997888..92.6
80096998894
685899399998
93980399925
1999584593.8
88888791493
958056885899.
8881937069.
6923040688928
3958989338.
48168024628.
8883808889.959.8.
3389296438.
98155928989..
1339958889.
8830189928.
7488539489.
85998181981.889..
8749999410...
9784396989910.3
0889488588.18
1946795896..
8273988138..
28012916889.
2932898538.
3424398888.
48999848086.
5388588588480
28877988482993
9590683994..
6824889149.88.8
7993017688.
91869899919
49861429589
9099846940.
8245866844.
79894824849
3354093899..
68187389519549.6.9
77159899774
7250024841....81
94997796558...
69901828902
89488139951.
08749128998
8136886901.
9992658386.0
6591705997...
5529019419.
0581459299.
8888982749.
89588399697
98918080899
0905932920.
3589938192.
2879439807...
7889878918..
688978992589.58
2278873907.9.4
6993342189.
9498988452..
8799957789.
0149833088.
9971676606.
48319548582
59996839338.5.0.
774299923949.91
95266908828..
189896948979
5296840031.9
9841699222.
37800840585
4495299981.
6324896828.1
18178858688
19986988954
11938855800.
9567599973.9
71992687193
9138822831.
66892148418
8988398891.
3889931981..
68809909888
89989393958
83058907919.9.
49879598959
97842984326
8989848942.1.
38929280279
8988499089.
00398604681
98085508089
7989866858..
9887878698.8
8988938989.0
3888933978698.
49879622897
8988962955.2
98848482898
89915569888.
799824469388
8689858810..
28718988395
63099918583
83996398097..
8859943684.8.8
95989964036
9987899995.
349189698558
92686691898.
59898497886
85695269819
18869699889
81993218749
9982289958.012
98879295768
91498111960
5761398899..6
5836879829.
95608892388
98964981826
99954988048
8786158469.9
9386697998.8..93.
98686099988
98959627418
48970311989.
00276283699.
09494939938
5419385787..8
8992318397.
8469099853.8
9999729883.
076742920588
8853401869.
98828892295
8658899852.
8999539630.
28094903659
58906815309098
8886328588108
89153992978
98989596897.808..
3858498612.
84497884498.4.3.
839778528898
96355416989
888783319225.
28687946719
7864923158.9
5888278618.
89886257932
6199288936.
98206908225
98513898013...9
5968569980.1
59869548778
8806898797.3
73690688981
278819672899.
2288299888.
1876278923.8....
68829886868.4.
89889979987
89808838955
88991269881
6958999885.
8905989654.90.072.81
91195589278
8289108008.
8399828680.1
59895898960.39
0989887458..
9466699913..
9769969988.8
0931944959.
7986984986.
463475649106.161.
89588828139
8099895867.
5978898694.
8490995400.
3494909689.
1944290928.
889989285789.
4285388130..4.5
8487858808..9
9998818683..
8859943892.
9041293498..380
9942098369..
89984919799
8228978898.8
2787316534..
8479489888.
498588201788
4488194688.
3291999112.
97898148277
6952476229.
8248809389.29
797386198993
791898888880
4899182998..
78985988789
8890874118..
758825999966
99799830833..
4189859899..
0619849998..9
98808796689
8969814889.
33809804813..8.
59988656838.
189980498898
86648906999
28898905099..
8846821990.
89689888928.
99008820469.
58649207983
8589147548.36289
97580081928.
888638658998
80536994904.
20889399922
9889841899.
98888938058.7.
6084809853.8.6
5856401291.
9439996594.
019489237825
0600395898.
94264340980
94548950829
79899210101
4010850885.
8892890888..127
8198018963.....
99685960149.
88309688698..
198888973066
6381988912.99..8..2
1188988989.89
13882991788
91863898288
8839539896...
2986286473...
12998786595
93458886308
17300551970
818951953898
9838948973.
8808299988.
34381883787
87918808248
9199988909.3.
891986191858
5036147819.4...
94979089989
9021997698.79
48988928848
452718978317
98566984789
1982161980.8
5888455459678
07879839595
69969928399
9999499247.
09199344973
16878355543
97010940835
1989819898.8
98988296088..
868829293799.
838588839859
0917472188.8.4.
5285141428.
6030908684.68.9.9
81892078168
1859977989.
99389488318
78558857861
38939029298..
7896899996.80
91581309888..8.6
0465038808..
4283289081.
0898399736.985
0939000769..
89399986598
26589591899
448878698926
9214889988.
8730781744..
92732998885
6989067918.
41944989814.
48948953979
91981592999
39821898302
28889888283
9960899715.0.
86239981997
9998948986.8.95
8469888138.2
99989890829.
5089224887.
983995896888
7287889018.
25199868344
9764969388.
3728898845.091.
88237900095290
7829589839....
1809589908.1
9075981663.
29999885809
33892965734
18878488379
19129999580..
95077468898.
3347888398..
01838999863.
9059379691...
832998929098598
869106973569
2199789995.
8980293850.
9692729213..
1996999889.
88905821802.
9835598809.
9282165981.4989
9298038888...
8288939319.989
99808838188....
88299360625.
9168089848.
88660939949
8908988054.
9330789981..
9988499529.9..
6449898299....8
669049898480.
0860891698.
8398844895..
6987198289.
8577458988.
09278880396.
21993401679
8887238499.5
9902998983.....
05948584858
8228918929.98
9848968999.
0298437920.052
2189031990.
0695399945.
50859825912.59
673949985278
87068899884
8608854868.
88895885832.
7070256764.7..
7939393899.
90848989979
568694694979
8989788882.
99829133634.8
888886199889
95981339139
