+8.7E59
-8e-8
-53.52E7
71e-89
+.777248E-2
+1e-029
+19E-98
87.828E-998969388
+8E8
972E+8
-.5966519e+9
+5e1
1E+8
00E+8888
8.36e6
.92E77
48865e9
57e-2
81.8e0
-2E9
.9e38
.179e4
0E+488
+9.6e1
-5.3E9
09.2839E-898
8e7
-58e949
.96e259
8e6
-99e+9
9e-7
69.8e9
-9E-4
9e+5
2.89E-1
-88E+7
.90799E58
-8E+3
9.7E9
.879966e+84
-.048088e+98
8E9
-.63e+6
0.2e-41
-858.9E+889
-.76e-93
-.8E9
+4380e-91
1e-7
89893997e-9
-8.9e-988
9e+35
+.8e959
+8E8485895
+6E+09
-86e6
+.8E+4
.9E91
.4E-997
751E+2
-68E-8
9.32E+99
.8e7849908014499
988E-8
+79985.8e9
+0.54e27
-2.8e58
+18.3E993
-19E39
-598e4
52e+9
+.898E+8
+.038E-9990
8e8
-.8503189e+94
99E9395
-9.8e-999
64.6E-449
0.62e89
52848e308488
8.0E+9
20e+8
+99688e-8
.059e-10
3E-9
.88E3
8e58
+04e88
379.7E+117890
+.82e+8
8E98
299E+1
+.2e+8
-8e9191
8.88e181
+6.88e93
-8.4e789
.9269E-89
9998.8E+7
+1E0
+.5e+98
1.0E-97
-.924e9
83E9498
.6E+53
9e-89
+43.299E4
.3e+213
9.949E+68
7e-90
919.0e8
-95E6
4e9
-9E85
-9e9
1.989e-8
-3.61e+4
58572.9e4
-18.828e833
940E-879257
8.8e+8
+8E0782
+07E93
9.3e-073
-88E+3
0E+9
-928e9836990
.16E-318
+388e-2
08688E68554
.8e87
8e-2
+87.9E9
7.52E8
-7e8
-116588E+99
496e+9
-83.28E73
+8e5
-85.837E591
-2.5e-49
8.2914e9452
8e+93912
9E-9
-9948E4499
3048.6E+888
-.0e9
2E9
.99E-5
7.8e+4
-04891.628E+7
+9952e996
-3576e28
-98E+989
+96E9
5E882
7e+9
.4E95
92481.86E-1
+.35e-1
+5e+41
+87E-9599890
.140E+88
93e89
+.8E8018
989.19e9
58e+5992
+8e996
+.7E7
0e+149
80E99
9984E-94
-0e+8
8e+98
+.2E+0
-33.9e-667
+3725e-5
-8095.98e2849
-4.9e-3
-.70E2
98E-86916298
-9e5
-8e+9
108e8
+.886E+15
.8E9
.7e2
9.85E-638
-6E099
+9.8E+8
3.9E8
+.472883E+9
+.8E5
80e-096
+94e-8
2E8
.6998e-1
-4710e-99882
-.2E8
-.5E62
-0e7819
5E889448
-.8698e5
.582e8
9E38
+.738959E91
-75e+89
19e8
9.1E+4
99E+16895
58.289E08
88098.57e4
+03e-85
.8585E1
2e738
+6.9E+95
+54E+9
7e-873
.9E-9889
6.8e5
+0E9
+9E-95
-.1e+9
+89.11e8
3e7
.3835E98
-9E-8
2881E8
8E29
-589E-640
-8E-98
-8E9
-.9e-51998
+6999987e4208649
9E5
-089E+9591
99E-84
-.883863e2
-89.1E+078
9791.1e825
-8981E5981948
.02e+09896
-2026398e03433
-.568e-9
6.9E+9
88.6e5
8983E6
+90e9
-5.57e86
+.88898e1
92E+989
-15E7
9.8E3
7.4E+18594
.29e749
+9E-431
8.9348E-9
-.5984e-814259
9639E+91
-6.44E+0
-9E+5929
79.53860E+1
8889e9
889E+9
-6.9e990
-.8e-638
.8e6
-.51e9
+5.84E+8
-.2E501
32E08
+584.8E59
+3e498
+845E76
-39.7e-7
7e8
9.0E-389
-9788E-176
.981e98949
.8E+0
1e89
-6e-2
482.9e+0
11.42e+1
-.0e6
+98e8829
+.7E9328
28E+09895
-8E-2
-69217e-3
.9E-2418
+.170811e0
.669e70
-8E-8
+999E11
9.76E+236
+88E7
-8e08
+0E53
39e+8
+0.09e+188
+.6e-78
+38.99E+8
-58e4
+.37E+9
92.0E29
+.014E+20
+8E97
.88e0761
.493E15
-8e+83
+.99e+69
3e85
+.7e74889
+8289E8
400e99
+0.8e98
608E-4
399E7278
2e+86
2.5e+5
-4331E85
+2E-8
.90e2
+84E+9
857E+92
-89e9
26E+248
-99.8E+8477
79.8e9
-.46e1
-8.8e-99
+8E+9
8E89
67e+24
-933.458E-9
.98E3
-8E+7
-7e2
.8e-69
+629929E-1
7E2
7E-0
0.689319E2
-0.15450e039
-8e7
8.4e+7580
-8833e-16
19.94945e8
-.11e-2
+848.8e+70
.8e874
.780E-888
-3e+1
8E-8
-8.0e+98
+48.98E+0
-8.238E+854
188e9
+48e997
+0.3E+09
+9E-49
9e4
-983e292
299.7e68
-2E45
+9e888
8e-6
01.6E88
-5.589E5
8e+8
-.4195E+19828
+.898e289
8992390e8
8e39
20E8
.9e85
-8.999e+0
-6E+820
87e9
7E9
+.8E-8
+69e+3
