(338)979 9979
9900890937
(730 428 1808
(891)9684048
(352) 2991702
(8389931172
534)889-9981
958)2973829
890 5345899
(9108869188
693) 878 8859
(829) 067-4028
(826 2914998
(750)-614 1260
995)-880 9817
974-5599494
999-862 9858
9987198399
(1468865377
(980618.9999
983 9129589
(794)783-7059
(668)-985 6587
(610)865.5899
(088 9899703
(989-588 2929
(929 160.8286
(195)289 4990
(587928.6495
(709) 018-9843
612)282 9525
(108)9882438
898) 983.9999
064761-9231
871339-4999
(824-894.8040
0888899989
822) 4866490
(084)-483-8897
435 8808690
(581 2965468
859)139 7479
857807 7293
987 967.2106
2919889489
888-2888199
912)1597589
(244) 807.8568
987) 846.9899
887.3888170
9676662552
(028)919 2889
924479 8836
(283)-999 8843
495 6818988
096)-935-0933
(817782.2949
392) 9953909
(384)9898899
998) 399.1998
(898)085-9998
(6583693791
694.857 7159
(860)8081889
(952 9589597
(578)6649951
299) 8985419
8980202188
(998) 583-5989
089) 8191679
(894)8888948
974) 618.5248
(998) 141-9099
489.1899705
800 880 1311
740)-882-6697
(153)983 4886
(995386 9997
(878)299-2868
(015).9514897
(839) 989.9613
884) 949 1108
(290879 9492
(399-3677486
390 4889269
(982) 4986884
905)374-9482
188)988-0983
999) 387.1298
999)2980381
(2988849036
890) 8348938
488)9508298
(989 8888198
199)588-7908
(238808-0490
775.898 8896
315)9728968
(859).697.1876
9284887825
(898) 010-9100
(869.1899977
(278)5583208
698)893-3848
741333.0819
(827) 397 8189
188 8995602
895).4889681
(878 3079888
059) 1841352
985)8792397
800.9972798
(885).0549819
830-185.8896
(0092283619
(195) 5898786
888.3638842
531-753.0889
(085).104.8189
(268) 1259339
9980288121
888)1970892
(996 8928084
998) 8893748
392).8609289
918)492 5831
908) 2319332
(869)8960966
(387)868 8861
(981)6199318
698894.1495
(860) 1671999
(298)993 2999
(6047980559
(023) 896.7584
(014)899.8468
789.512.2188
399).251 9859
(388799 8629
085)869-6971
(811)946 4999
(192)194 4387
(945)6583867
679)3169959
(788)8990791
(290)-4895191
868)-299 8550
(179)229 8588
(526)-981 8699
978)-9875833
760)-8899848
997)-970.8819
(280)9018832
(282)999 9652
(288 629.8486
(164) 6719995
3987899814
099 897 9863
(911) 8899756
159) 384.7691
(189).828.8104
099-938 5531
(409) 618 4946
(385.803 8923
(962 659-5738
(743602-6780
898)-889 2892
(174) 578.6784
(841 8886954
882 8465434
(1197585659
896) 8291188
138988.8997
(262)2189989
(869 9859898
(997894-9498
(881-298 8183
569)899.1898
068)6147390
(989) 3689020
(795) 888.3178
190).222-0961
(833)-196 7254
(969) 6759785
(001 409 9719
998).441 4889
(9997980543
(936)085-4938
(199)345.8709
4952386988
(969920 3399
855)904-2889
(490) 875 4594
989948-9991
835 2931199
310)998.9908
598 335 9198
(983)4966899
(958.5210756
(824 941 9789
888)3526197
5959988699
989092 3452
(9899189994
(991)198 8819
(0883962969
(870)-3636396
(1858981880
(889.8829590
(898 487-5887
(960.3188999
866) 8980099
8867889866
967948 9000
406) 224.2978
(989) 997.8937
(894)-8938389
809-9788359
(888-799 6610
483389-4559
127389 9818
(884) 994-9759
8793840848
(993) 3862898
(925)3099228
0899278328
889788 3675
729) 2589092
(258).789-9951
236)869.8810
154) 088 6999
969.9919902
(866)-918.0388
9689814891
(799 3098981
(889589.8894
586).066-7989
(999).889-9799
959 098.9728
(998)-239 9533
(4780589899
750.395 0394
(954.098 7960
888)868-8488
2479288278
(798 9382883
919829 5883
823) 999.4611
989 310.9893
(499)-629 1688
(882.8889923
(857823 9198
919)6990948
(2708128579
386 031-8559
993) 3188881
(988)579 5972
898)888.8618
(188)8773453
(886289.3978
(985) 989.6298
541) 501.9148
(879 8329893
(899)188 8990
(813) 808 7999
(8359899808
498 098-9283
(857) 863 3397
(514.997.9988
618)8488964
(928) 0880858
(6719340439
(888.454.0199
(129 8812928
(424 8200889
(498).472.7886
190 6921268
(898)9898908
(981)2981988
9759688201
(896)9818958
(288)8838969
488)009.3792
(791) 5988385
808 808-0797
(937)-524 8909
283 3846349
(498919.6886
(699)093.0988
(838) 128 2288
845 898 9381
(214-737 7876
888-0926909
599) 868-9652
(192 8888695
983)883 9577
(8958596983
(298) 029 9886
(3299815369
(751)898.9394
(088) 981.9471
(998)8854489
282)8906121
(185 8909258
841-559 9978
899)7989467
(299)8964086
(996).2899871
(946)510 3289
898)7899746
(469)586-8898
(8999759895
649-989-9271
(523).8898688
9807105430
(419)-4580798
044)-4970983
939586 3086
(293.8789641
(989)-5113838
877868.5896
(539) 895 8594
(588583.3938
909.499-9210
(787) 8809909
(980)-818-4826
(244) 7003498
(841 178-9348
(938)8982857
153)4395886
312918.3978
885259 8299
4999858094
886.838-8225
9997950089
(996).3579849
249)8381659
868-890 0859
(864919.6638
(839)-276 3135
895.093 9088
918 848 9867
819984-8590
488.9885879
389)-2839805
(9938706153
(904-748 0999
(289)4489952
(522 581 9888
442829-8899
848)913-3153
(5489888579
(988)990.8803
(169) 818-8849
882998 8032
903) 9585869
278)-385 6891
0992818982
888)-3986948
999)8073997
(828-5402788
(839008 2991
484)-606.8993
664753 1991
(897)4989819
488)9388982
(581-4950924
(072)-8885338
279)4788999
989).9595413
9898999738
(4084708994
(749).801 0888
970 7908460
789998-1499
932978.4988
862) 0996881
539 8918151
171.873-9999
(879-978.8889
622) 9588783
354 9698491
(088)9113990
8788948923
