0.2
8826.9
-8.1
.9188
-5.89
.9
.8
.46
898.5
8.4
-.4588
-.888
-.8
-.9
.439
.4
-75896.65
9.9
-.794
8.2
.3
-.233
8.68
8.9
-5.8
-589.8
-.98
.8869
.999
-0098.8
.38
-.811
-99.196
4.9
-.4
.895
-83.9
-9.81
9.8525
.8324
.224
-87.14
73.48828
-39.35
19.9
9786.64
-.885
-85.973
.82
-.79
998.9
-881.4
-.5
-98.635
99912.84
-4.4
986.3
-5584.07
-.3
58.9
-1292.996
6.9
-.526
5.2
.02
89.933
2635.82
48.8
-9.27
.93
1.17
.83
8.0
.88
-.8899
.991
-.1
91.9
-.891
-83.6
-80.89
-75.3194698
9.8
8.80598
9.3
.00
99888.9
-89.888
-.386
-.14391
.11
-9442.0
-409999.4
-.758
4.1
.19318
190.84
-528.8
.0
-.80
.97
.89
-188.9
-99.4
9.983
-8936.38898
3.9
9.97988
-8.8
.2
9.08
-8.5
84.892811
-2929.8
83.9206
.8839
-8.73
-97.1
-9.56
8.9699
.08
-.91
-.6
.5
940.8968
-4.8
-4.71
2.40
-.7
-.9882
887.9224
-2.8
-5.899
-5.0
-.5828
1798.2
098.998
.6
.81
-73.5
-.698443
-8.4
8.7
-4.818
988.13417
40.8398
9369.8989398
-91.837
-.19
9.298
.29719
-7.3
9109.48088
28.978
-8.99
-.88
.98
-38.6
.218
35.8
.32
965.5
98.828
6.0809196
9882.687
954.9
-.32
-90.8
-.8993
-.09199259
-89.08
.5203
-1.9584
-.2
82.61
-.3389
-.889
89.8
-.822
.179
-.968534
-907.9
9894.0
.7
-.775
-.3139
.558
-51.198
-8489.8
-84.0
-7.8
-2.2893628
6.89
-72.8
.25
98.199
-7.6
-5.98
5.11
9.909870658
2499.4
-92.483
-.58344
50.0
3848.9
9319.84
.87
-9118.8
.49
.96
-.833
-.0
-34.8
9.2
-28.94
8.49
1.184
-41.2
-71.3
00.88
81.9
-7158.99
-.59
26.69
-9.838805
-47.9
92.0
19819.889
28.9
799.08
89.9
-.395
-384.2996
9.6
1.8
-.74
-.844
-54.9
.99958
-9.9938
.80
-.299
-.87
.1
-8.79
8.3957
99.8
98.661
.75
-459.098
-6.87
8927.887
9.1
.889589
1.18
-88.9
888.987
7.961
-811.28
-.68524380
-8.99394
.26
8.78
-42.698
942.5
-.9960
-.53
.082
-.96
996.62
-6.89851
-.90
.92
8.27
-.84
39.08994
-9.9
-.99
-9.995
-.18833
9.97
-8.68
-.133
.99
.51
3.896
-9975.5
-53.8
8.489
-.74891
-022.5
.988
-969918.9
028.97
.964418
2.6
-8.99991
-5.1
94790.97849
-.9618092
2.5
.58
-7.7
-.09
-815.152
089.4
-29.0
-7499.7
-994.3
-98.4
.928
99.9
-488.9
1.89598
-9983.9
-9.0
00.0
-0.2
68.97
.89868283491
-503.5
-986.19
-6.038
9.90
99998.9992
.50
-9896.08
.220
8.35
-8.249
85.4
.62
9.59
-.4990
96.20
-3.6
-94.4
-.399
97.95
-1.0
1769.89
2.8857
-39.0
96.8
.8898
-8.781
.891
.69
-9.58
-899.072
-1.99808
.10
84.8
8908.9
-.186
.9086
-.8220747995
.39
-.82
-.00
-7.912
-8.87384428
7.2
0.6
.79
90.67
-8584.3
-429.6
689.9099929
.9089
-0.87884
-0.9
-5.48
-8049.55
-192.2
-.22
-9.8
.47
-98.3
-8.9
.78
-898.985
07.858
-7.7528
