8
9
0
,
,,
7,
3
4,
,9
4
,89
9,
0,
2
6,8
82
,95
31,22
0,3
,1
1,
99
988,
,8,,,
60
,,3
,2
,5
6
98,
98
5,,,,98
,24
,7
0,9
9,,8,9
7
,8,9,
3,
98,881
,,9
,,,,
983
5
6837
,,1
1
2,
,,,
19
,,,,,
046
,,,6
87
89
,8
,42
5,
9,36
63
7,,
,0
4,,4
8,
,,2
98,,2
8,,,
,4
,3
49
8,1
,6
268
88,9,
83
104
,,,18,
3,74
,1,,
01
91
,,4,89
5,,
,8,,3,
8,,23
57,2
7,9
,,189
99,,4,2
5,2
,80
40
8,,
,9,
596,,
08,
,9,,
59
451
,6,,
85
9,5
9,,,,8
,78,
,497
819
63,,
28
9,,,
5,3
4,,,9,9
64,8
,,6,
9,,
2,,
,,8
,8,3,399
,8,40
65
9,,5
888
482
,,1,,5,
93
86
97
7,,,,
,,4,,989,1
,,,1,
,88
6,,
6,
13,
,93
81,0
,0,
,,9,
,9,,0
9,1
993
8,9999991,
17
,49,
88
95
,7,,
65,,
58,8
8,,4
8,6,916
5478
6,68
3,9
,,4
,,,9
,3,
88,08
18
,8,
,9,,,,,,
85,,388
08
8,97
09
49,,
07
,6,
,4,,2
972,,
915
718
,89,
,2,,4,
999,
9,9,,
802
9,8,407
00
68
7,89
1,,
,9,,,,
7878
,888
,,95
39
,,8,,9
5,,9
,22
96
59,,
3,,
009,
4,9
490
9,,,,,,,
28,
514,,
329
53,
98,,
,9,6
20
8,8
,,7,
,742
6,90
,9,,9
,8,,
5,9,
,469
0,,1
432,
85,
78
,,978
98,,,
87,
,0,,6
598,
80
07,
,98
,01
,,59
38
490,
8,4
,,974
9,,,9
92
12,
5,,,,
,,6
88,0,,6,
,0,0,
,9,9,8,
4,3
29
99,
32
9,6
,55
0,7
7542
89,,,8
5,29,
88,8
,81,
318,,,1
15
4,8
2,6
,889
0,,,,
,,2,0
,5,,
794,
,45
565,
7,4,
58
8929
99,,,
0,,63
0,2,1
088
,9,3,
889
9324,
9,40
9,8
424,
,5,
9,96
,69,7,
,0,,
8,,8,
,,90
,1,,,
,,5397
64
,7,,,
,36
6,9
,3,3
,4,
3,949
9,49
,,,,89
9,,4,
849
5,2,
730,,3
,,7
8,,9
,0,,,
,,2,
,9,8,4
96,9
,,5
420,
88,7
,985
,1888,
44
81
,6,,8
,,,9,,,
6,,,
74
,,,,6
9,598
995
8,,88,
817
,39
,,58
0,,
,84
,19,994
404,
145,
,,0
,979,
59,89,8,
6999,8
,,,9,,
,2,,,
76
892
1,65
94
,,9,,,
991
,82
,991
121
4,19,
,2,5,7
,593
79,,,8,
375
78,
,41,,,
0,,44,
,986
,2,
83,
4,,
938,8
2,,,,
8,58
1889
9,198,
,41
379,
,86,,,3,
53
89,
358
,34,
33
37
880
92,,
7,,,
90
886
930,
,80,,888,
50
9,,,,,,9
8040
,6,2
,08
0,,4,,
29,68
,0,2
958
9,2,
89889
5,285
,,8,8
