+6295888487
07230599892
063097824
037629458
0958349769
078859895
+62492896533
+62881179820
069489066881
0966433039
09256149559
086879949
+6297398798
096978298
09788898289
+62344498698
083863986
+6290489287
0691881730
+6239558989
+6293479988
094795999382
+6299689998
03909196789
+6298893188
+628285919886
088855928
028599938
0659049938
068873971
094990867
+6298918213889
03412079981
+62819914929
0698810289
+6252881984889
039099788
09689889695
089903419
+6238085987
+62998999987
+62883857095
+6289793931
0999895983
059882988163
+6280099989
028984980
+62879880394
088463885937
+6289289508
+6224898033
+62994898697
+62389805890
076722888
0986123092
+6281499796
079288928
+62593138991
+6258889317
+6292392888
09831999199
+6265482055189
+6274584349
+62948899058
+628880789848
+6228891599
+6223929994
084539913692
09095949392
+6278848392
+625080869453
+6291712688
+626252934859
+623678071169
+62989989149
+62281389904
+6296815980
+6220192818
0790957878
06998652370
08388958249
+62807999489
+6273950749
+6259241978
0954198881
+6289898895
091582858
+6292408478
+62999638426
+6289890384
+6223999989
036023949786
+6295934349798
0798138982
+6291558394
081293999
+62998502160
+6292985789
+629009852489
049319079
+62768898997
+6289789168688
+623979407889
+62849989149
099597989
030733921
0964688895
+6281274288
098189035
048138987
+6269129996
+62280348788
+62788967488
08880499866
09899534891
+623813884833
086878987
+6260998689134
+62886032692
098598839
+6298982883368
+6298927988
026385680
099789388
039292272
085830640
089725489
0826891009
+62477589088
0265478960
096999789
099697889
099989096
093985809
+6246983799
084239938
+6237489938
085624344
+6238995994
098988652
+6235785297
+62923961703
0888829999
09059875968
+6280167789
+628819856889
080898621
085968805
+62989899469
099964211
+6278379144
+6227099868
+6225919949
085995999
+6291590083
049975999
+6269980154
02099199879
080891689
+622988786654
+6299149387
099839956
036896176878
0534285253
020999988613
089283558259
088859161
+6293495897
072435899
085892589
0998992026
021751998
0484485884
031889989
0412988597
0693880364
+62942568893
05823738323
085409892
095892736
+6235099917
029489247479
+6281187215
029826999
+6238400885
+62984878641
+62398891881
037869862
+6290958189
+6239079399
0395738995
043469838
080986929
+62488481057
+6298985585
+62799383887
+6299989502
037221258
+62397189879
099598878
0998989599
08481698807
+62238384924
022921818
+6289979460
039797939
+6237089939
0879399933
0999070189
056988962
082274619
+6287999853
+6273424889
+623485990817
+6260248858
023848264
0997494768
0986828758
+6249998433984
098867480
029808940
037384699
+624506480927
+62981383685
+6269494131
0849998074
088895988
+6229909102
058978974323
034859162715
+6280961480
+6228197981
0993903010
08732793581
+6255916916
+6289919993897
+6229109884
+624989458819
029803789993
+6298968993439
0993982949
+62684888959
088986399589
+6298186498488
+6229163009
096999681
086899049
090129894
+6249896958889
+62682898599
058998838
0449890899
+6267644385
+624900207988
060684999
029938799
+62888880808
+6249858939
+6223824977
0891689890
029969991
+6220820988
098998199
+6229858182
+6228296790753
08289827198
088688982
+6269939833
+6295698946
+6238984496987
088379881890
089393958
+62981998789
+6291972778
+626982389280
0980605348
02979953937
029769822125
0529364782
+623626049783
+628888883495
025429968
089398912
088886998
04158603881
044985438
+6239697804
098834899
+6299994983
+6293768798
035997839
+6222999913
+6299284886
0789888909
082583118590
+62998999974
+62798599381
099887269
058787968
089832927
029998508
+62905187979
+6298193039
05597898993
+628889921369
+6296807499
+6289840997
+6236788078
0488818389
02760198186
+62855993883
+6235793883187
+6288298799689
+6288909782
088185989
0738913443
+6299694998
098979933
+6269985981
+6285399746
+6289498088
09687869835
+6228864590
+6239347604
+626499351880
0388998895
088880128
+6288480625
+6298989841
023098098
+629959486955
+6288898571859
038988097
+62757965597
+6284979708
091382883273
+6228909993
+62253868678
079899830
+6248987899
+6289848623
+624464866883
+623987608368
089228889
02979158888
+622412038949
088117492
024884493
+6245048955
09199787388
+62227428910
+6257999881
050768889886
088898339
085913563
+628993669019
+6284989397
+629289898337
+6228378928
+628899595879
0893181599
+6281990880863
0889198196
089980908
+62557299938
+6294381699
+6230811148
0686635687
+6250928880895
045396888
+6229983399509
0386187481
069810968
+6289991896
+6276599988912
+6228988985
+6277907058169
084689020
0791888865
+6282909858
09398792785
0979488997
071948978
079889994929
