4989999993128058
9999578835542999
8389889918699298
8991995944899799
9805099802889291
9789926989286968
8381909591994899
9788359031725986
3598163899787955
0995830879038649
2898989889868989
9889598899889829
8473945990368499
1991409474395990
0519632618885950
7836888498096361
9389009976999971
8893649898880848
3996899231630708
3389088099817885
7488826494081512
7989529789959904
9231354349909376
6882889488389990
6097698939789989
8959283707699990
4092467980153214
3827199499969998
9215790869900268
4138389882281729
8119699699904085
9888891418180900
7982342761785739
1594191892690429
9684529880697953
8017898959949933
8186359928696840
1988051887790684
8399827099698886
8918681594580875
8014958889298088
3997689479868899
2998236799889499
3615798728382039
9802058998424988
6992603198821889
3435191827768019
9587068748156118
1885859483785088
0889856028588898
9869819192892982
1287899497847819
8854999988938889
8118172829399890
8529799996993598
9079977808229889
8896989889491987
1649195966925998
8336080647982047
2969729418992994
9972829737166625
6792084269398398
8889018698891899
9898989748993772
9839896599871936
2174349056853598
4912823399898612
9781999980429473
6019190678183198
8992288719933827
9199429131197646
9889249688996835
9843189998051618
6599199949479891
0788905949968839
9188102380899988
9588296073968697
9118797516989895
9180488899228354
9991958918888799
9999407289388999
9090263099758958
9694914899989999
3988296945259839
6992844899923992
9998248908450983
9998894881597018
9718999498485994
8967639840888248
9952699089795298
8988598298189117
1999669996644087
8868861858496857
9898359989353982
7908852790509877
9979697953829669
8757889634779008
9995099498996404
7918518888044550
1237298015918688
9854985289996098
5289847075292618
9748489493889486
9185595359909429
8819983999703639
9253199890993645
0454881832885898
4988484289219831
8999303658856988
8781505811590509
9283698885352858
9691828578695379
3490891585719789
5835559185910195
0248885864875969
5828797882698969
1497905388979499
8992485889062982
3495928993889493
9498050684868989
1881799877206609
1824893655968423
8888109993628897
9601878954684768
9829399876984998
4373982184389786
4248909692990288
9980939873970831
5468848905578379
9889889894699039
0889882993227729
8769919469891952
9982099416613639
9968898924790978
5698681783268908
4692788903978583
0845829297883154
2914788848999490
6088912098965896
7899398797891989
1998539682382833
8895389899812994
8448389958595862
8283878093190567
9988899869388098
8987628986449897
9880899851389498
9104078983894933
9988084957631952
8308551880475888
8988991748945521
9871299631898413
0018989978599964
4179817981949839
0997026352418896
0833504874188218
8899079488938241
5243394878094549
1289846495980896
3982428809958900
7963965998980849
0888925462898738
6483999818888899
7004889283899975
0238813259091926
4989395995050788
8328884887079493
1899981695889891
7974045047964818
3899834828195691
8988688347808488
3599898331991493
4883980814884623
0917856938815989
4970296918888789
9265998319063806
8588525984195539
8005994148384891
6825328708330569
7889698345485690
9800090218147984
7888954893579489
9898946009994949
9868808998472285
9097985769564080
9348559685982254
9918829326906497
9880989099861503
8608898870774848
6404799498853468
0039984685099798
0509394999180478
9991968678384928
7198767820999029
9502750858909801
4889192953849277
8945885898988491
8528299889377418
9889301616942695
0835560068894899
4439994337783397
8829328905650713
2905506089878595
6920398920798282
9829850818169663
2612988864800799
9968542888809098
1267939089799928
7878817799886209
4899298928938397
8298888312808587
9991253913890938
8840719294889088
8949693488878896
9894085399808989
1843988775097991
9963819898799799
0219518998998680
7058528897892238
2969699789928477
6896766881692929
8828870519958980
2928281958981859
3888998879659596
8886080284991942
8195979961363531
9896906108919549
0088498950309052
8438899989881999
8859592183589889
8279489568978968
8055878898428948
1442597998153983
4880009809380028
8499388088999787
1909595958187989
4885988232980898
6682592298698499
3758189892827897
1085892769230784
0459198299898693
7840619188724051
7791816154398988
9859038178489941
7894598880790530
2975949395499668
3849949985998298
3888499099688883
7180419608964098
3985988088337988
0691996468189888
8380708288828489
1818995698981164
4895497946938087
8589881898862889
8581889844298235
1831306179394832
5331898384384919
9582994447018998
4344749869299986
2785798089999976
0769194094911606
0891439528850778
8269988251993689
2828895738079998
9129659910629995
9845868003894498
9811993119089952
8899547639882292
1808328011238994
3809388686496921
2481958699171999
6982699895701299
9190898798206871
9829948989728633
8398939589480698
8870821708584739
8705818998498818
9914616733897972
7287298313828578
9728969889395933
9839279876928828
4995481989482019
2090287857590898
6321699099838419
3478155868184880
3518459988929968
9836639997299984
8849583098889979
7491109746999591
3148892889731689
8735305883199781
4984039599195893
6895815614899898
8789987885279329
9993881689289860
8989739299808801
8119999916783988
9118908099325112
9448833820989896
9998345874999515
1009885823190007
9894238808687836
3899712089984997
9489888870886099
9849893898896904
9391948774419440
8843496886285999
0888909999934839
5847099598438888
6682881893799692
9968999790478872
9888581058698558
8972689588898991
7320592904760657
9544904988895199
2528478982904993
3284895818392678
5885481995170128
9172897123882988
9369688188809293
1941388389488109
2235941031383983
0859982808884889
5982951309481999
7939127897972339
0998977908895859
2996028284998399
9993457983918910
5386898709999688
8993890389899646
8488895409631088
1387499997039378
9928998096569888
4448494929819096
2769329299627184
3065877990507999
6689189107883487
8998988999995268
8685239989168288
7523985898498598
9982269799988992
8020948499829337
8282828699894419
9629995538976159
3998452889819888
8350699363908999
8788608149872422
7298188865038329
5545899989895948
9488679889887118
1118885921950527
2390803831999889
9396285056819709
8876139998873428
9255988288899925
6948383898088865
2999499649809855
0850389440629988
8383249826889938
1304852287951486
5999438949897248
2319599189889865
0959996088981494
8097578899699829
9930986319937988
6198725296483888
5425098882949163
9018663089278380
6290829838948169
8085993330015218
9558266854838992
8894792887969143
3878153211996950
8948999118895948
1949098998881949
7982968181584982
1498719381392859
6957693934899989
8588659634995987
8865184498942939
4098454508968288
0873091998624992
8490936488519896
