00
0076
+39
+
0098
329960882
+3
0042
798869255
005
092999880
814139683
289015999
000
003
009
0092
+9
898583998
002
989090080
+98
994928808
100899634
292366969
031090997
0099
839996837
398818888
348799766
598592858
0089
517913199
+87
639998968
+788
586884898
007
639983650
+0
898541899
119368252
991938898
696999698
839099906
+86
990989887
752935038
+6
+8
008
898989839
293899062
997986259
0028
937180988
0081
+97
849398987
211373280
999932986
898849887
865582618
841993985
858689999
986889998
00271
914858878
0071
719995888
+7
0031
006
368831319
828969585
628892956
905686889
908078915
00939
899809898
915678118
488991340
183908895
+12
+809
814994829
00843
188789819
0042099
0095
0058
989994697
+0696698
+8899
+5
980098494
938809360
950991528
0088948
898098986
0038
+889943
908829039
689699847
004
989898941
+5488888
899888339
+99
889885974
890884697
+2
00888
0094
529999985
+79
183699799
849818978
190699974
895668708
008829
861499819
895918968
00881
+10
478088297
788888158
299988299
921888118
365945905
+65
786749599
491138989
088669448
685486943
999890818
792388893
0009
184889730
997222099
375896808
+91946
+64
+4
926850065
+80
922329889
989809879
899882499
+1
0079
374979989
000922
451570893
618859789
892464668
989899928
+05
0029
013096909
817804849
846826793
889231817
965948980
999898798
938398248
0089196
0045
895680991
856989233
898228969
+547
649969888
+584
001
998859913
899899898
+875
00998
897394287
+22
857999982
880860849
899267289
374838769
199988269
899867882
218829799
979989949
+88
789976272
898822696
945918289
899683095
898889121
888447961
190898301
525999898
809948689
+599
+938
0068
975999828
00179
864395531
144898429
+94
986686898
0006
896989919
0067
004908
680389992
893096849
+96
893355825
984199789
892678508
003516
986886965
+121
+849
820950084
00993
110989883
+51
888589971
998099898
898688658
0088
+9889
972684962
158428518
818984887
+528
947589998
928808088
208878108
+598
587888291
0039872
880713398
689889708
593988208
+839783589
00498
0060
+99185
938283377
009105579
588333935
+91
448862999
161918582
+29
199888839
+73
287617468
00996088
888796229
0070
197298972
666497128
899988832
+35
589199988
968829827
131239398
+93
184393560
+878
229262492
180119888
728888719
192880959
488848568
868840814
978846900
008704
399299189
581977808
+71
+4699
868366888
+8129
846909978
00917
598698259
002498
+489
005959890
087321353
+16988
587838248
888099280
419798902
926008797
+999
995299883
908698908
200808848
+32
288964892
850590727
0078
810813854
110989074
218905849
729880890
+07578
00793
990338023
979891890
548699482
898588986
795209956
227831868
+66
328887508
00799
00997
583897808
369925688
896490958
451991888
+84
416829872
+8999789
834839987
884249099
00915
698648159
0051
390265928
873588296
084888810
+69
588988513
089898189
995209928
915799359
739077929
928899719
798936298
941089830
+89
839809910
00092
+15
872341326
729196398
990688989
0085
831075074
0003
091818919
985909448
687826869
00588
+9817
983958088
806787428
847828476
976327149
00395
+768
429439978
0082
+88489
790413087
878933491
866891384
579099533
0093
00898
528613584
980921608
809933324
089999368
883011519
081999897
195128999
293941098
881181862
