093998885 15
865 460 29 39
0599 60878 81
 418844 5597
(899) 743 8858
0198 69049 35
+90978 76781 98
+90 281 595 33 94
0(788) 9838885
 (509)648 9998
 (609) 56099 97
960 81904 25
0438 438 83 76
+90 81978827 99
0 (542) 2708978
0 128 86628 90
 128849 8596
0(988)33999 34
0(982) 489 8950
(495) 38879 39
+90 999859 88 20
+90 859 88998 98
+90 (799) 8988498
0 (995)6998158
0 (849)46362 34
0(882)88749 80
0 5998989938
+90388 899 79 07
+90 667 30219 87
+90 (505)317 2890
 (935)29889 85
0 (999) 99971 44
(791) 469 8888
0(226)8927959
+90 148948 1549
+90 614 80838 99
+90852 498 2889
+90988 818 9598
 980 724 86 87
0 (825) 883 79 02
(949) 63498 99
0 (818) 255 8683
 455989 9982
 993926 9094
+90 3943260399
+90315 2805819
+90 133 971 78 09
 43851874 24
+90 9549833499
0(138) 23096 98
+90(892)397 84 38
0 (959) 345 8208
0 53796998 35
0(875)907 7100
 995 94794 88
(959)9928499
+906402982982
(582) 9589889
+90288 4921266
0 (588) 389 98 68
 998544 59 99
+90 300 6811224
839 909 9355
+90888 38963 89
(999)79581 89
030530789 51
+90(988)39192 99
095839610 02
0583281 8869
+90968976 83 01
 889 988 25 31
09649989958
(149) 242 4884
+90851 369 36 99
+9099598905 21
+90 (199) 571 88 52
+9085989829 78
0 (685) 9169996
0 (129) 8489988
 (924) 88858 97
 (398) 9680698
 1723692954
0 (497) 949 00 43
0(980) 6893683
0 (989) 869 2899
866 98020 98
0199 636 6629
+90 (948)868 68 93
(387) 6039992
0962 386 16 29
+90959 807 88 41
 (985)88859 60
0 940 985 39 39
 541803 35 58
+90(490) 9044149
+90(866)281 8457
+9088988512 24
 43677324 99
0 (928) 698 4846
+90512 9974090
 296988 59 38
+90899 299 88 16
0 18696998 64
0(909)2708218
 (891) 281 64 83
(898) 989 9969
 (279)9712889
 668 8608889
+90 (887)4879868
 (998)22136 97
(918)808 4188
949 882 79 99
+90 91399484 68
0 387369 9586
+90985 423 8189
0 (471)6268183
878789 2694
+90858 9898938
0198 850 9392
+90 (389)3883439
0 468480 8997
+903889896760
479 633 03 08
0115985 9598
+90888 8555946
0 (909)7488861
0 (724) 6898688
0 (123) 482 91 97
(888) 5844938
0 (329) 9499904
+90 (868) 913 79 81
 489 999 3387
0 (192) 7848713
0826 8859939
0 779 652 69 97
(823) 28459 98
+90 3898769142
 (976) 22289 59
 (999) 84391 84
 645325 8079
 889299 5389
+90 82340359 79
8983804385
+9049929883 20
 (996) 2748598
0(898)56984 88
+90(448)89985 08
0948 67993 88
0 (116) 8916493
0 998 9899095
0(304) 86266 88
0 818 88808 65
0(398) 77803 87
+90 983993 88 28
0 (103) 38670 36
+90 (949)389 43 62
0 (889)974 98 88
0(826)3298811
 183686 69 34
+90 (378)990 88 99
+90280950 9991
 (839) 89979 59
 (891)946 89 04
+90794314 1002
+90 (195) 990 9918
879 289 92 52
2973086987
0 (888) 4386383
(128)983 6885
072999098 58
0 (894) 75412 99
+90 44992379 25
0209 381 4488
0848 3122897
0(939) 9978841
+90899 8548888
0 (925)9348294
0272 859 2997
0(988)749 0983
0(845) 494 88 53
+90 231598 2997
+90(224)88729 99
 11496791 39
0 (996)4978898
0(112) 259 9558
+902997809049
0(139) 922 00 85
8983995868
(886) 350 6835
+90 152 97954 58
+90889 952 97 58
+90 39964695 91
+90 284 480 98 85
+90 (599)988 4465
+90 887597 9659
+90(894)796 6287
+90(199)703 8889
+9088969890 61
0 (518)9890185
+90989 9988489
0 3868897954
294 82428 76
+90(468) 4378993
+90(303)98472 58
0 489939 5769
0295989 9122
0 640 99968 48
9016996963
+90449 41878 41
(697)881 7936
+90 998 988 82 91
(711) 9973600
0(789)988 9999
9999987835
(982)209 8392
 (983)74998 35
(955)8458618
429698 32 93
(888)98684 95
0 978 28842 99
(889)8838398
0(890) 8851848
 (998) 20858 76
+90 387 84986 88
+90 (897) 888 2209
0 587848 8575
 899914 97 98
 (184)709 9999
+90 5998853992
988889 10 17
(957) 751 95 48
0(929) 2698969
 87578257 87
+9018499886 88
+90 860 5869995
0888 584 1899
+90 (908) 497 83 89
+90 688349 45 88
0(898)352 55 89
 966809 89 99
 (998)818 8072
868 9385866
256799 91 28
0 (630) 952 8920
835 89195 98
 (689)89984 88
(930)35889 92
+90(311)28083 09
0 991 24095 27
0 (889)3886859
0 (886) 804 71 07
 (594)948 10 88
0(595)786 9809
+90(990) 5759709
+90(941) 7999493
+90(899)886 8608
 (848)265 1998
+90 (229)2896628
498283 98 39
0 963 39192 68
 (463)89864 52
0 (998) 234 1948
(868)99839 80
821 888 6999
0 861 38489 59
0 (864) 984 5654
+90 (748)591 8180
+90 4568990902
 182 290 2880
+90(943)839 1288
0 3983885846
 (873) 739 08 90
 821 39860 92
08883168498
0490 90995 12
 (699)9772839
(168) 49838 99
 (303)9299725
899288 9990
17797478 69
888799 8399
+9089686976 88
+90 (999)99886 03
0(542)921 90 55
+90 398 8511286
0 94528800 89
0896 920 03 85
882 985 99 91
888 518 92 81
0 668 2587006
0 (849)6950995
 945688 3784
+90899286 1556
1362589208
 389 9900899
 818 71298 48
0989 983 0983
+90331989 93 47
0886 29484 39
09908880559
 (706) 99839 94
892 389 3484
+90 (888)278 41 93
748736 38 98
0(988) 958 16 59
(288)5992487
+90 870 29938 83
0922 60008 95
+90708 88807 89
0229 4498389
 (933) 298 8684
+90 (543)998 4496
0921588 88 69
+90 794289 9816
0 629 86648 88
0 (299)8687846
+90 (913)809 50 29
+90 (359)5970398
+90 877 9899089
+90 73787399 89
0 (999)9306889
0(844) 891 49 89
+90 (147)938 48 28
+90 (951) 82829 98
 (962) 9291698
0802891 90 89
+90 880 378 29 93
+90 (992)899 5897
0(198) 784 12 88
 998998 85 91
+90 758 8819798
 861 958 1988
 3982497809
+90(869) 908 99 98
0898633 7354
+90(865) 787 0905
+90 788 28985 99
 (949)88328 19
562 838 68 80
0 88892128 09
 (299) 8292348
(205) 960 37 99
+90 79182882 17
 904 818 9972
+90 698 881 94 50
+90(799)819 8969
+9017346399 93
+90 957 95832 17
 (879)615 99 63
+90 894968 9475
+90887840 58 76
+90 (998) 71898 52
+90894 78819 65
+90615 36017 83
+90 (789) 68986 84
 (562) 788 99 99
0 (858)200 4348
949 9988219
 (982) 294 8762
 (584)3920824
0 (791)798 8478
 288 7045092
0197831 69 01
866852 9392
 (389) 998 1806
+90 989988 8899
0 188 28991 15
(963) 968 5868
(599) 698 5987
+90(989)488 99 98
 892 70288 30
(652) 967 2088
0 896399 0748
0 (796) 9998243
0129 38915 99
0 2987869988
 998837 7910
(996)43753 75
+90598 60988 88
+90(219)282 2979
 (988) 578 71 98
(848) 80183 88
0(894) 81959 68
+90968 32983 81
