798 98
33894
391 98
20859
28980
895 90
87058
899 83
39196
15888
348 78
414 38
896 10
61878
39022
519 82
855 52
99968
16798
89398
18067
88638
181 94
394 28
889 85
97694
389 89
976 89
909 83
98688
89331
598 14
63167
91919
25898
23838
995 95
289 89
41878
982 62
588 68
789 03
890 96
888 87
440 58
89395
12288
338 67
989 20
998 64
88958
902 59
39593
897 98
422 76
98489
38961
486 04
58824
78920
866 72
998 99
191 89
48868
498 91
983 76
19891
89898
98280
58389
78959
990 19
96933
958 99
485 97
984 18
88297
89868
79678
137 91
189 89
99209
818 02
205 37
17388
930 80
29492
89263
60829
996 76
188 96
983 08
35831
98800
77399
98999
89818
18878
889 97
79994
987 63
78839
19289
97842
95836
969 98
92981
681 00
628 57
28958
58883
977 01
929 12
148 89
854 13
67807
89539
99250
38888
70217
863 48
759 06
81997
88286
811 86
857 59
850 88
41149
19381
820 80
289 58
25985
59992
985 38
988 93
92849
10918
89888
99809
18944
86906
18418
88371
898 89
879 95
92499
190 98
91159
16658
191 28
788 99
89592
790 43
79888
89390
994 55
687 86
783 48
98788
569 18
86788
929 91
988 99
98880
486 88
713 78
69907
83984
887 99
85987
489 59
899 08
80998
42298
85932
68801
738 95
987 81
58798
79005
13938
98492
94688
58694
99608
88736
124 48
818 81
15004
917 98
480 86
817 89
99308
59956
898 26
98302
98818
29813
728 99
199 83
46888
790 94
98929
683 98
901 89
93183
148 91
986 10
798 84
18683
861 88
99818
35495
595 99
878 95
915 89
189 83
18875
608 87
84769
528 40
76988
82991
59309
96371
39898
47881
388 58
68984
199 98
97943
16087
29889
81984
99168
112 98
996 29
540 59
839 49
929 83
85759
95859
854 48
29148
385 89
977 99
128 88
391 06
82186
85885
98891
850 96
86859
59059
98073
757 81
18778
192 30
474 39
758 58
85835
298 25
99969
90829
937 56
95858
59084
90766
80806
798 36
116 88
93898
90979
97989
525 84
99898
998 89
43900
68770
959 93
149 35
85888
19995
388 88
27320
99274
608 84
56830
99658
41772
17989
98698
989 62
98088
245 20
13945
659 28
998 77
19459
99980
112 91
18201
89769
56181
598 88
832 57
50909
88888
185 48
88487
94610
938 83
279 31
189 54
65590
18499
82988
72289
499 98
919 20
86349
987 88
88984
120 91
12639
529 16
92983
81883
128 77
43792
288 53
86492
19509
49804
898 96
49231
84889
93689
186 67
93799
828 99
914 28
97332
929 14
94509
70622
95999
58592
89612
54854
88878
881 93
49394
29824
20989
98016
19678
99857
59849
188 68
11928
888 99
679 78
793 79
301 56
996 49
97884
44883
89734
54794
981 82
85881
908 99
899 94
898 88
999 78
94982
802 95
39997
40528
79298
898 98
879 85
999 81
