422397683729
357006384776
783899853271
909849957568
297899794688
199874679419
879768897483
989969291882
985687608881
880088853458
111183894988
748956749935
893918578899
989188684898
557896889248
032894159999
785551959689
987876399991
988192288226
885630053299
999081988927
069421885689
933688981508
872978826879
988989945793
761987855683
325896209318
370841889893
859895948899
129828998619
918918085028
872092589142
198188988581
973919098876
949499830078
840990641096
871198964899
998689979399
571399393550
580129073252
884882995295
571991985089
097958999994
689502038948
919883864898
881996884188
398989615984
871988101549
582639759987
288181890380
884829896898
267970328659
995899788688
903588829875
897297287888
785900996088
798183999982
880881391987
491893983482
379998389887
995888986115
889889978898
887819268949
683832984783
128672910888
138289089182
268115099889
359718248809
829494999888
985931979585
944982318888
433388883289
809399983178
069895599399
999792663990
888896998996
484880558890
847498010828
813275788864
187899905784
413943840018
863595419461
998808875198
998889758607
080097334164
859728895997
146595969898
909970067293
681980507484
584802965006
858898034319
279379941698
598898929824
983588959944
689888832888
449489355998
080545181998
995809148288
699983988868
985959279088
891988469196
810893683969
984968669352
299994739715
850598998975
735742565899
883309839542
173384960828
713619404899
583688169815
769999938880
959857839959
138421399389
708893827899
114794891988
558784918238
690892882889
334238620838
918938614087
464960881494
808845881390
260715709882
869199989982
924729789649
481889486884
998297885939
927952874389
236908978817
737089855982
886982198128
233126868549
969959469881
829999248795
282988999688
849999443395
931987920329
840688184099
797299829628
497728808984
305398589993
949569523891
829979890385
493899162909
563988583868
886969899929
518989989718
828893861704
838993233998
958771887887
923876978892
259589229887
849389938239
099893788655
368482569990
536348380995
539276074093
446189178891
180483899868
887097889924
923638784886
665128788599
259948988021
088930582461
698888448888
488819853794
889499190729
917788099688
628889819891
913356751939
439899867519
298591808959
698399578618
899868989958
880581245420
319793759800
938197328889
969808924136
871995919899
129289590669
588953862989
880479720938
881968929300
985699536988
308168516993
981684898089
289249497869
989379441219
229018288986
138139962338
088216890894
749859898958
988347336892
559809196933
698299588489
598892489892
809998569359
908408299389
389398093635
725849849233
926849988939
380192543898
879848908680
999199714898
269899659079
882991505846
189311953499
688179503776
355691849768
379998597988
890669488496
644386351508
859089792898
992099398487
220659119799
590988387659
018588945850
891728978236
499816888965
769984794798
889469971130
682175288568
092697953852
698981325224
928595864424
697453889782
756090989918
845497866882
829898989486
887289829899
339999899181
887992899018
988899228798
438228643309
489280773980
870598895888
857911988418
980998847771
339880958951
915242180263
988988288968
889493508889
021989019888
990320372047
099985349999
911988028369
013899936873
898696867988
292978827928
789993089789
738989812189
988918696899
999849853089
327630498407
780636999999
888821441909
018660288888
958383329989
813889081798
938884428988
983918896098
486893609518
925288018998
893948279698
582759183589
842214456931
828679469809
998891290544
988792868884
898828039698
088462889688
918720799899
999896889993
545989698940
981987983893
330061809889
394780339879
939996888334
909989799111
108829066398
088018779951
999491124888
653157669727
126988869977
869569074588
861867581798
888916838181
615829849038
889998991848
699887908987
302408800628
919682909776
459675213211
079488198712
258865804309
149487890889
896096987982
286586384247
804679998088
356999389138
845950872200
453899090918
879799921546
741328777991
352758376549
963968941720
619130987680
958882980998
528888879789
899987309998
888908887089
139948987707
989298950889
899399962899
969052398888
976848289179
681397796990
817997584642
423969992829
939988339084
074008940914
599893878383
088939389864
959977882883
089831098916
638957794149
988084597989
669898898076
979748971780
599629999900
888092885744
866749796282
559556089738
918783196784
888879988906
898988838869
894489896999
381659627859
788487588883
893888051880
689203828844
587882998989
040880885089
924828828897
839489478986
585518828080
998696997099
976291911838
209172694833
119887453718
793896165118
827983931971
982758808487
989888889823
910584078687
888386908889
819193778385
497658524088
868171755088
267280788689
881010366660
874188825180
903428592684
868889399761
484775869614
930998721913
109686989109
864929648998
692298317071
699882515246
937859987934
888835698900
230600989028
197859605828
831993881615
179862488629
815784885241
999189389958
341655198816
228968698970
895288949798
598941399998
786385983875
995988871880
829928962859
