318
5886948.2
88.979
9954.0
2
80.699
89
3999.328891
417
9
9.3294
4
8.092
3
80694.91
8
99.30
0.5970
2.891
294
59552
6
8598
8288.68
558
7
95
96
72
8.92528
98.652
9.853896
5
89.2
893.9
93
18088.9
89.8
923
1381
8.9838
099
8.25
87.2
1
177.899
43
85.98
3839.3
3.872
9868
09
8.99
2.098689
61.9
841
15.0
97.8
468
9.8
917.64
5.8
060
35078
2.88
8.9
46.21
9.1
0
18.4
49.233825
860
8.4
6.3
1.17
60438494.61
3931
1.96
19.8
918.9608
0.991
9999
2929
95.8149
88.789911943
63
5.2
95.876
8.8
0.507
509
0.79
7999
01.4
9.6
59
5892
998
8358.8
19097.8
287
92.699
9.88
53.852
9.28
53
4.8991686
95.5
29.4
193.70
28.32380
94
129.981
8.0638
7.9
71.8
482
18.3
19.5850
68.86
360.6
8.1
965.0
09.49
6.2
5.6
1.9
8.6288
39.3
3.894
36
9.9818
55.67
9.3
8.8829
59489
0.8568
69.799
9.9
8.5
801
690.2
3.5831
7.07
6.9
9.849
4.8
8571
4875
441
6810.91
866.38
9789.26383
3.68
99
1.1
3.1
769
9.8691
8.0
11.3
9.4
932.93099
6.6
623
39
9041.899
48.25
858923
689916
724.9
96.7
7.0
8.493
997.889
8.88
1.38
9549898.8
698
994.3
6.90
49
7.88
10
88
5.9
11
888.6
88.8
89.94463
33182178.9
243.463
70.8
1.68
0.9
98
163.2145924
54.7
9.7
9.49
941
7.71
091
9.23
5818979.68925
999
898.1
6.38
48
8983
9.8886
93.8
9149
05
45.9
88153.096
6.2395
9688.8
8.8248
432.8
82.91
99899
2598
779.19
99.8
182689
7.6
7897565.7
18
440
893
404
3.8
54
3.179
96.9
8.14
05.88
908
2.89
86
989.9
376.58
379.0
91.2
499979
84.9
50
898
5299.1008
192
6.0
8.43899
985.4
25.2
8.98
88.9
9169
8.97
38
9.00
43892.9
2.4
439.93
58
796.45
88381.9
8.7
989.8
80.8
66.2
9.9386898
0.51
39.8
9.5
98.1
0867.58
43.5869
6.11
37
357
59919
2.7
999.91
498.482
69
0161
83.9
9883.9
18278.9
885.48
7.90
2.9
97
2619.19
1.8194814911
58.549
9.94
1.8
711
8948.3
80
95.8
8.18
09.6
58948
27
9.559
89.9
9759
845.97
8.842
939
98.38
507
8.13179
68617903
74092
38.4
95.1
136.88
0099
49.8
90.8
8992.2
9518
7888.6295
088.37
71.5
45.7
88.6
5.4
03.8770
63.80
2129.36
8.7784
79294
896.9
43.98
81
2.698
83
088.03
306
6.8
29139.0998
9.16
882.859
78.90
6909
585.9
9.90
82.8
8.853
6898548.9
8886.97
44
9.989
76.8
9.0
93.2
3.87843
35
8.79
1248.68
8.980
84
7.99
5684.9
30.68
7.0397
939.299
9.98081788
99.9
99.5
64
9799.2
6.7
846
9.15
5.3
9.910
2.28
8999.1
