87090
43098
94999
80808
18078
48922
20002
45865
18006
88322
22738
84179
28899
58986
10788
98969
33272
98898
19909
58911
99116
81880
80818
98097
86089
10869
82498
88098
98436
83558
99997
90188
19288
48998
18948
18996
13998
89198
18990
14229
39639
48968
17886
96802
89818
33032
98984
28504
94688
99979
88849
59233
98849
29524
82869
86922
26668
49199
58658
99580
56198
19468
58087
49886
28939
89688
94932
27828
88898
88998
80888
93788
68488
17358
38909
97949
48694
85884
89942
69468
93126
81650
89799
58187
90594
92799
86978
46893
93194
99819
39984
98872
91980
89479
48713
88945
90999
89390
75795
14981
60149
71638
87881
95388
13988
96838
68889
29589
23685
18803
38684
68499
33599
89306
49372
84880
92251
35689
94169
67896
59639
19195
50202
99288
76299
75787
10859
99270
19588
70927
10396
73998
58121
89465
58864
40318
95539
19251
28888
61528
42318
98038
56915
81398
99868
19640
59274
63973
38888
69198
84597
88844
70998
67236
28996
38590
34889
18619
80985
19898
81906
19980
24053
59388
99831
49190
80127
99809
51883
99012
68997
19297
99488
14868
89959
50986
89988
69588
99096
14935
48989
81635
88835
98981
19182
48124
29379
98684
85293
38959
30983
78819
28719
79988
96956
87986
75998
88088
94888
99427
58948
84150
99135
99896
89892
90928
98698
89747
99588
85998
83089
81889
79879
98161
29899
29693
11158
79895
10990
77610
76840
68898
99978
88891
88889
88967
49889
85391
39101
99232
18988
16997
88931
87907
89787
89888
87768
85107
28991
99740
52884
38928
17498
99289
85643
99594
17692
95938
57838
88943
82399
57842
59887
78985
88039
33389
86729
72868
26509
85323
97994
79591
94927
39927
28402
26656
93198
95485
53187
14585
70808
58315
96933
14085
89692
21696
50991
88813
68840
96498
87996
63099
93188
23802
54291
14519
40998
84888
59992
90982
18813
89016
16128
97191
49499
99298
87082
42297
30289
87378
39109
99199
88994
98709
52997
43988
90238
78882
94098
73139
29095
86291
38848
58188
91088
74965
65821
84857
87308
98799
99969
42908
63932
99959
90897
69897
99456
11088
48919
42049
87288
19128
88869
86794
89469
99348
42288
59839
59325
69119
19970
86882
88991
87998
83148
19989
17387
82587
18589
87448
94184
98498
38039
53975
88932
98892
89027
93850
99148
98681
99186
81589
83982
58808
42728
78982
79891
68735
68169
18868
78943
21667
98869
83383
18299
99908
18418
90031
46951
99989
19689
99438
86980
78135
