0
67
2
80
*
8
572
9739
9989
0001
1
68
95
19
78
96
93
9
3
85
049
6
198
89
09
980833
5
498
7
88
81
20
557
958
4999
3008
668
13
838
113
4
895
9138
76
699
98
817
281
86
8941
4883
9807
882
674636
888
982499
90
48
52
168
2931
98408
87
9793
4458
38435928
83
867
648
9086
583886
343
58
835
025
8984
60
8979
8498
918
24
59
21
35
69
418
10
47
98378
999
94
99
478
989
18
218
28
988
8819
009
9187
8194
9756
9996
07
529
878
39
40
6873
55
370888
4217
868
77
84
93088774
82093
82
812
56
99098295
9293
45
8869
8190672
881
03
468190859889
09639
872
96620
9587
8029
823
9959
2618
51
3842
65
5985
971279488
153
75
08
783
488
96955
798
994
512
00
55696
50
63
8891
46
882196
7998
16
15
98981884
7988
898
956
3790
5967
38
4829
0612
8492
099
371
508
929
118
938075
987275
4687
613
92
9455599
4849
487
7900
948
88499
977999
243
9896
9290
9289
29
98993
592
23
784
709024
899120188
4494
021
97991
54
818
938
0362
896139
9935
638
556
64
80898
99808
388
27846429
9978398
8898
49
79980
79
61
7993
8999
607
42
807869
299
32
998
89808
06
869
439
795
951
97
680
9930
25
7978
520
9495351
41
361
44
818992
389
0574
368
995
886
12
069
549
329
9388
85892
288
8689
913
0188698
92159
85952
833
444929
4960
82085
188
7804
999664
5079339
22
10895
91
9899
92919
908
99489
726
986
8987
66
844
5808
62
3852
8951
7665
289
4973
889
849
186
29558
266
14722791888
589
399633
6938
805
139
290
559
9878
8811
8714
8397
892
799
685
89078
088
49748
0999
097
837941
48893698820
919897
798990
57591
1896
5296288906999998
899
082
452
089199527
8625
04
27
7788
969
9096
385
906
859
9232
1991
99627
9698
282
34
964
930
9186988
11894988
97516
880
9178
86389803
883
67866
858
69888568
74
87228
89891
782
149836
939812591
599388
87525
699389989
9309
468301
797
8990
851
17698
978
489
88862
387
622
8381
73
33
34366
933019
17
997209
19956
910
0169
98339
