50
829
5
94889
90
939679
3
8784
6
9
8
995989
866
83
7
72
38
88829
89
32897
84
913
0
96
87
8991
300
4
897984
828
4179
1
95
98
12
88
99
463
7882
118191
488
5998989
2
938
244
988
281
13
08
2485
3190
46
99999
97
23
49
34771
71
948
61
79
6619
17998227
37
87194
481
94
188049
681
18
39939
19
48
43
97674
04
983
868
9873338
70934
68
92
5949
3568
9831
939
832
97968
119985
60
288
78
188
9630
9632
80989
29894
958
355086
85991
57898
9468628
59
88929
06
9512999269
639476
73
85
86
527
099
9949
55
3610
989988
7599225
69999
942
158993
7730
28
24348992
69
75
17
265
287
9110287
9556
93
82
0696
49087
40
590
8488
9576
999989
76
80
889
209
082468
2979
4238
875
67
7829
98887
467
8288
690938
897
31
09
899
81
999
21
30
3668
3898
492
8491
1892
09708
2964
1388
28930
04185
44
0279
53
0928
9696
34598
39
5525
4887
982
84128
7889
758045
688
25807
01558
58
57
32
998
9978
289
976
20
66
587
4989897949
986
181
78889
187
2199988
945
63
286
195
6599
9469
7918
969881
91
8888
89985
638
3288
42
14
418
8526
2774950
49278
62
184088
172
99129
886857
24
963
893
05
22
2675809
2248137
059
56
27897
05381828989
88983
54
57763
92589
993799
684
858
9328
01
991
884
062
880
515216
8285
8411
4180
865
8269
882968
5433
33
8187899
689
9828
888
83384
89918
8985
4442
88553
89927
0930
4891188
8989
11886
900
26
98899
38407
86259
8231
318
1790
0799
6920
178
888998
928
65
7818829
825
191
298
74
2992
6597871
82488
981272
42379
26008
468
1588
38338
296
5298
903
439
03
844
788
3896889
904
26887
7404
1919
838
583
3163
937
987
99825
80597
417
6499
71777
451999
499
41788
481310
10
1896
8329
993
64
9688986
989
02
878
7528
6806
552
59942
2886
769
169
815840
8919
924
546
2860
394
907
5989
88938
8898
14794
84989394
9981
813
555
903889
898
29
89848
90888
9700
91888
8880
9940
9892
79888
908
69784
4983
842
8822652
918
091
921
3409
847
8918
07
568
391
