817058801
998309619
619924891
698232688
673489295
908248580
895983698
197894945
639260909
176858888
873888884
340999153
039999808
887968054
891840883
084998999
918992980
690029919
998889794
198998898
590488492
888868148
336508739
298188946
418497893
889909248
870722392
198858882
649599478
998993573
587920035
990998188
023957991
895986972
278984989
982892988
292841859
949399998
884719568
146480990
738925675
298620199
849697888
199489148
629816858
299988498
481898568
989867598
767998795
881715169
692210793
488496417
868825199
139868898
869896492
892208785
843989026
862778919
899208389
190396264
894739921
396889139
288083950
799316589
899799875
894058840
784151280
788058699
631959758
095992913
229696860
198158949
892888886
836116208
297942665
942680989
940588399
788789897
888696620
289888868
997862991
591784881
897820932
818289927
394063213
981989559
914083686
288898852
080988355
734448195
690719439
684898979
888392798
549509989
191688904
932988879
238788879
678297784
979986937
380929897
368868884
928083355
297395899
958788449
057985948
742309922
975816998
188819880
699898952
889882243
288217999
584807888
663832998
688528899
249942334
098996794
483138406
314598991
888088877
969969291
883949695
781674761
598893298
992588980
924179499
594278894
949269898
806309533
966092858
998999198
983918889
894335591
298979799
852891428
944818069
898899175
968055800
489838830
839232208
896886729
442920319
259123962
091896737
978732628
441588188
268188392
825726989
902839189
508982948
928688383
298981588
881082462
830899544
098831833
209898287
892008305
764868279
949926012
943319391
923398692
818996439
859889706
231979858
982524219
990982881
996646999
598881489
268996825
174029998
114999598
558899862
973945229
889688585
888486592
600823099
798998883
993639788
496799893
189949690
987990381
948498806
899121695
741889998
499936857
066798881
520599968
998978760
890787281
994941679
889869881
909991188
898884238
273807587
517879899
998269863
525899195
269039870
989977599
999406979
149999792
986384992
278247938
890691838
859669990
095995999
894346219
809494255
088989858
199608907
894117987
189939997
445599188
799508898
742634668
993199677
886885828
877981271
926336967
639881998
875149288
863888688
591189974
498681544
998923628
990404864
278933082
083789792
388099102
481887578
082800781
599198051
983105885
298448993
845828255
928564899
823534518
969152699
899985088
938888581
796918908
959068239
042838218
081815961
099836893
986908789
081918752
914889793
985366858
354267999
002781075
927148824
595918737
988239978
399898893
566879328
389999899
336988672
789958796
895198958
988884198
990984330
931988970
269979888
684470198
337869995
292799897
395989082
810178283
968878968
047897899
898468498
489899218
219993580
936927899
687929698
794945515
884839996
770798198
888919849
239720988
937489498
897296396
220840709
840398199
799582389
809092058
426999018
267968819
681915659
548909889
414568989
709588269
863189721
883891799
732999808
902889898
519889788
898448801
898948277
484355688
869993896
871989799
837988364
258866840
289809881
664528895
293198909
683584506
905984897
666899887
488208658
388584707
088589983
866838998
886862481
088768218
152498989
987718989
607889124
287145149
097689499
459922189
916198638
852989359
779298983
189908889
622952586
649842068
288735799
449988919
999199149
898238049
968229638
609688887
908088889
508738898
494289199
899980368
895959735
884940608
349996004
591388298
399899011
595841189
828044909
480417190
088281940
812539081
989492819
288434839
838899690
898137380
989599905
015890828
699899854
163998398
886598639
262088860
688999899
406568836
104386867
888499578
988185068
988868683
017980378
888969641
489998895
299989878
192586194
093887198
935573247
298888993
898889492
999868908
553148243
679998738
899988199
187899393
298593964
808988689
089999692
199991487
195289945
438027591
