1
284
88982
9
798
8
59
6
995
7
95
5
58
86
56
4
88088
169
98
53
895
93
867
89
78
2402
99
80
955
8053928
9863
44844
67699
111
45
84
1623
100
2
25
49
19
90
979
32
38
88
3
98742
79049
899
125
8699
28
97
233
87
90828
9943
31
584
746
498
12
884
850
38999
91
17
39
9741
18
96
192990
83
42
138
44835
7117
848
889
9948
29868997
36
81
965
1179838
82
819
978
909
692
178
199
519
368
292
20
74
791
7396
89799
6842
13
29
969
88896
195
43
75
14
858
8853
489973980
47840
184
678
900
59811
81169
89719
8429
9802
7449
9929
499
2095
68
47
9888
818
3935
689
68793
16
185
898
841
86988859997
41
8939996
989988
78898
92
953
989
181
4613
4462
949664
62
542
693
54
48
980
11
969290
8230
85
16891
779
9389
2298098
64
7599
782
9833
497791
1589908
859
9131
60095
50
379
829
21828
990
2959
849
439990
49948
6792
9438
61
131
99907
906
888
1959
15
66
979543
44
888888
351972
8811
9919
2609
595
9858
7188899
982
281
24
68189
728
813644
8089
9929787
83387
814
99831
890
330
889997
26
189
27
76
179999
9994
883
83857
88113
699
99788
869
98687
9509
59881
393
9998
75399
398
8451
463949
991
3983
9296
88146
9388
8962
872
9147
71
188
887198
3998
99829
558
89378
749
988
518
206
8941
1488
94
99889
96999
10
1990
817
8856
9148089
70
999
5526699
7399
21
93894
81306
55
698
81399
19818
925
98685
882
968
395
295
930
69
895599
288
99887684
65958
828
9590
958
9648
8716
879394
701
536
383
588
3938
445
447087
67
33
9890
6469
718
9708
34
43884
7978
4988
2995
985
886
509
491
6038978
35
975949882
9792
9105
99181497
4479
799
1298
786
9879869
938
9646
2869
92850
322
48681
3281
1981
753
884398999
9299
9855
282
88240588
14949
8896
937
46
886999
836
46999
67478
949819
9898
688
2931
86478
998
9896
815
457900
715
141
865
3609
5898
878
8999
98838
809
8860099
7892
98058
9889
19885
79
5779
7005
984
87499
637
393888
3828
65
70896
55843
