60891858852
77329824988
88078248258
97193638688
44155892488
32847756139
99799858219
17939999499
54955580968
10089882989
07505718685
49968288089
11257209548
18990569689
99894333696
39895568939
49877180698
89228979888
18947100819
15985858788
68829989803
69592899489
38589812518
68288388989
88905934279
98875981908
08667529853
38818888297
92942985842
25835899308
78909796719
88204175822
54182500882
66884497387
03824841865
91196183205
17144911818
82698579889
49899887808
22813840891
09589388983
89249125918
68009869596
95808841812
41890898433
39999888808
98741694088
61549638299
96483198699
69820807879
68273881925
05889886874
67493098898
78099793680
12998719460
84349187209
49369880934
86698881599
48296989889
08029310286
79579889989
54815382796
49280715392
88895998885
88490901949
68914898095
79596698368
89989111089
38247799644
98116897982
99187894655
88991486979
83818859158
58679590808
88076886742
16897029398
33779838900
79889330167
86042897933
22198692838
99867881909
99280436403
84715290668
99289278514
94393798980
08982843823
39537708489
80199993188
10700079998
89983480229
59848171894
89043232598
69889989199
88201823459
99889999864
36908988989
98483428949
76892188308
79597838885
79889898896
95848998844
69238818382
14041844687
25043088586
16609783499
41086268882
38170480708
19964949991
88818909868
48050893283
88929862399
26191899978
86759839598
98118998915
41997399998
87116930198
65597888698
12870738789
76879693878
88994090837
18699859518
58499382999
59646188949
68695931910
82838868883
02999896888
19886991639
88569778799
88559817982
64595480758
48288888980
93784317919
91639928397
98969918499
49861266536
11988209538
98194899923
88824975489
32987181089
08168841354
88918817169
88768989899
91886919789
28839988998
96818881909
95069863889
30195848877
85632957336
78399889815
91728849829
77878065888
86613955848
64698998988
89825874610
15998999884
92253020076
89092888999
39988884333
88395034592
95085846289
99949982199
98869999998
06724929796
90889868989
94192998999
07168969926
46889137468
76983986399
09338388938
97811950999
21889072888
59594969498
98503296905
43826957964
97895399597
66468989832
56799768954
89888593994
89895988898
17273919288
96599988595
70278387381
56889494589
69279388888
90838329494
95989884298
11934786838
36786308881
81118698808
65775462908
88979368866
38928998948
95892268516
82601885903
22872764840
78179024849
19596999639
92724846982
29376082938
90822834998
28308308919
96058184362
99889695899
50899955458
88757478991
18819988284
90949277024
10293908525
88998598599
88414988486
88258965598
64298103987
78982800344
99899908696
79854690999
27798067799
89374908198
99107816388
17871742999
48884186560
52970888532
82705799509
25689389873
89814653982
12188448990
89891212757
85930989895
99196786898
84779698879
08189489032
99255994597
19308638255
86594481727
08618121889
46594588398
72084026308
58099639189
90992888849
88898969060
42983419844
92379189852
95999878868
87868958289
85932948287
98687987499
66928082134
08827928888
08859605801
09998908991
28298896928
20892589189
33919989911
80562490193
01143283885
99099916194
09888630861
98838419988
98869888839
59969258919
42998529889
29888049562
82883959899
89858884522
87688767898
39909948892
88016394878
93987239627
89928691372
81886378978
79382332893
83286469208
76889540864
85581337609
89894888969
86269883163
51829889899
84999265139
47999142198
89208989996
98398831081
92648567995
60989908651
26999695988
99119999938
20888906869
19801949430
38178268679
98988589299
95880483897
81269091885
59146983989
89840821808
99928884743
77982688188
07773888983
30966798867
88886398388
08681995218
84354899749
89963999019
77106399532
98869422889
88838909930
31614989495
98412682399
89902049118
38952988839
75888872906
88949245989
95909819209
08847858958
99593192038
46898230970
95029999189
32789517574
99029972035
98988643884
14888498988
94809889871
18989079925
81832978962
67917548358
38649938498
00119280999
69909089850
67902168915
59088098491
93414288889
54063858687
54996703832
31895143869
99256687988
49228384483
84592989985
99906879390
98358933678
19799081868
88589328885
65821957998
29718699838
58680898988
99056814299
14508019959
82435998008
98899959808
23889623280
56438086389
66995749209
99919009008
72588981889
39230888308
69093377830
80489820179
87178569983
88899689883
42755738160
88958707376
87678789899
99782989989
80983631384
98828981889
83891809675
80060962831
47895991839
82711538987
78267818699
39831107987
09899899918
99388993619
99979591895
39679881585
83413987888
84889889909
99896894048
80868995888
09599872688
58648988876
98552098758
20299998450
88676459968
89195643763
78946109898
30681884089
52190145998
