0598889387
0868619881
0729799909
0249048969
0857195688
0698569879
0882993883
0942584822
0973698012
0689966091
0341783989
0478881988
0989537101
0812905498
0122482885
0375680893
0986519889
0835988884
0696928084
0778588986
0840881399
0184888938
0185889887
0975853368
0988983539
0199883899
0888384988
0969789918
0311946938
0465880989
0196940023
0138389979
0888990833
0649985782
0288988099
0698971995
0811237254
0982693769
0978810888
0985964888
0108688875
0469818581
0774929996
0988798860
0880070556
0889909708
0918488892
0889899888
0188846908
0806986925
0671688989
0908499858
0986999684
0885899968
0969628880
0991211919
0899962886
0855678885
0309972493
0988929848
0499798818
0192191982
0229829078
0838988516
0198789599
0293868696
0888888888
0999848998
0878588895
0212498971
0884806348
0849896985
0978892769
0899952698
0188069701
0791888815
0794984714
0888898931
0799120858
0946221999
0478568562
0894809586
0949643992
0886887397
0195859264
0982923896
0800099999
0199989698
0890102925
0678162079
0897155399
0197988247
0589807456
0898698982
0989798653
0998252498
0906105089
0259857719
0600689957
0432378198
0298967308
0186009588
0335148995
0812486896
0584542404
0959906685
0494619929
0709303988
0242889080
0697498868
0881186691
0808889080
0998048623
0191798880
0839039901
0488599384
0929802825
0887950386
0388289597
0687439528
0694790065
0138503981
0799181039
0119895509
0998838882
0348398579
0640296668
0189929989
0939898998
0678946988
0358941138
0329058199
0881791744
0918849058
0976859895
0368898039
0929056596
0238456313
0833898071
0728969189
0584192259
0568998488
0389280968
0389920278
0995998896
0649929826
0738999193
0288091486
0999829266
0384998424
0859499079
0895848311
0361733608
0893806838
0248908725
0885518859
0858885840
0188888935
0553775827
0638098984
0924906413
0736278688
0973992309
0809899724
0679008289
0991970756
0808924481
0929986823
0993989158
0188867224
0207991788
0198808865
0908982033
0899969688
0990179784
0158998614
0805148918
0169189289
0284258892
0709539828
0987829193
0658824891
0687886658
0808708691
0189895888
0839887323
0373033529
0128961959
0964969868
0998888959
0428888159
0807796488
0597661886
0558825992
0533399866
0858809914
0433649651
0984185865
0889989800
0962079981
0829863943
0988394888
0821892157
0198999976
0832999081
0908883344
0978126387
0192996099
0699979523
0892891187
0980666892
0486679928
0232890089
0495189838
0598971519
0900998193
0980788769
0952999919
0309859986
0939498527
0399358772
0180500969
0492929948
0949488878
0518803909
0988988398
0192601916
0959477880
0988915436
0305888989
0724186061
0143893888
0878918390
0887724998
0889589890
0490998926
0404943856
0894799928
0989029296
0889058987
0798038838
0199885749
0368986600
0939295360
0997789195
0159899618
0985869899
0646951930
0194861743
0887178980
0969991210
0691329978
0989998995
0398172806
0991892539
0630988976
0988938895
0823387809
0807195539
0888948289
0192992469
0183908989
0397579981
0879600305
0788619683
0989959999
0885385995
0228828879
0813129899
0801993608
0415999880
0693361499
0986625289
0399954154
0472981288
0803409086
0898889582
0471388780
0498488884
0899288295
0379191889
0594188896
0723416942
0880189497
0954987097
0888830391
0926978368
0591978958
0945959499
0199558951
0888889987
0600858896
0807786996
0935249137
0999570293
0100689838
0388899868
0891799368
0508990921
0586088828
0879222898
0884778889
0830847728
0939951872
0966148592
0270388988
0995089979
0313968839
0829389498
0439601818
0751898973
0488855962
0569819890
0185849887
0115799264
0518400980
0905808482
0989399499
0178399696
0899989058
0697649699
0908389922
0989218991
0188806399
0289904896
0103889919
0758945919
0928710898
0393878988
0948663957
0167379798
0469197977
0849993839
0890863980
0368709280
0857399188
0998928166
0295397910
0449989289
0289429883
0938758848
0800891892
0692278988
0499870420
0917897906
0869087851
0998799699
0284213908
0889531092
0986084980
0591585893
0389859814
0928388996
0999908940
0849980089
0399329018
0124993093
0559890005
0889200428
0488197992
0882239898
0599994089
0781989789
0382583828
0989480888
0928188818
0198988313
0394387088
0186929199
0394598950
0886998539
0380508746
0952283895
0170827984
0190897993
0197299200
0638370998
0894917527
0948699718
0998989818
0919882293
0929649988
0489022988
0739997989
