5002198468
(4999953684
(533).5682597
880)7888989
(973)973 7809
866)-0757995
(836)843-1738
(596)3645999
909-8994938
(194.1902998
(5958954935
987).885.9923
812.189.9977
(888808 9998
(346-1049758
529 990.5933
(179847.2299
909.8831157
953)5083098
028)849 9355
(799) 8994398
(848)988 8858
275)4688980
695 9609190
(5198889933
(438) 299 9688
(291)9807240
(299).398-6395
(1998313494
8159002859
119).1190684
(240 9269489
(761 946 8129
(782 929-6583
(598-0889819
988-889-8589
871)029.6993
693)525 9498
(784).968-8393
(587).8498899
390-8829998
(589 8198811
(796 739.3898
991-5888909
878 8488299
981).9988698
(975)939.6738
(998)8981280
(035)958.9898
068)3464362
978 8319703
(948).5568987
(989)8827899
(348)9582883
(4296495933
(798)876 8969
(8877898471
(037 2927988
(9496617047
(398) 9980074
(884)951.5185
(879-681 5898
(790) 8159806
(282369.1027
(0888569199
(089 9328038
(284).4382911
(587 681 9898
9826976823
897) 357 9789
799986 3428
(953-398 2178
736857.0250
(935 6681626
380 928 8898
(421-836 9744
(998.3889949
(289) 987 7960
(5199932628
(239)3228999
1833798849
835).9788509
684)8589549
(809) 878.2652
1839928970
(858-889-9951
(899).1983809
658 954-7919
(153 9580782
816163 9983
451 801 8985
(691).019 1596
(945 783 4998
(788)0883217
085)393-6559
(989).567-8588
898) 088 8987
(998)-9448679
889 688-7965
489)989 9894
999 1899989
(9988939013
(979)186 8869
(389) 8989459
(991860-8308
(252.139 4899
(919.497 8188
3926401998
180639-9462
459) 3325848
(898 4889799
(521.9898801
949)422 9981
883)898 8728
(598.6860268
542) 8289691
(3959788647
358)9102969
(989)7182990
988) 992-5225
(980339 8099
801) 984.9380
898)2791829
(888485 9508
(531 990-5419
880).869 8519
(338).4568090
(0855214838
9889492008
(992)-290-7952
848083.6878
886.456 9946
(486-7886849
099) 899 9896
8988818918
912)-9811270
(688)-1489287
780) 195 8691
918-0881098
989 6878995
(864)4992974
(449).8889071
(828.088-6286
549 560 0894
(480) 645.0818
(6188881851
932).8946884
866)-873-0778
306 3659726
477).9889889
9928088796
089808-5908
(980).998.0391
844) 9988092
(263)979.9911
168 970 5981
(566)8388895
698)884.2768
985).999 1579
912350-9499
322 8989789
859)099 8027
(259984.2888
(185)9478598
999)558 9178
(189 268 8989
(899)1780983
(880)897.7692
(400).959 6089
862)794 3939
(999)995 9381
890)0988909
695) 992 1999
(529281 3979
298) 415 8898
022888-6899
(848 9283983
(9152897929
200 8518448
329.8859969
699850.9849
806-848 8281
(994).9989242
084) 9898898
(464)-815-3898
795-8384251
(189)488 6867
(866) 9727584
(852)-841 1998
(999 1285890
(940938.1399
(194)8820885
(981 897 9809
897.191 9013
(299)377-2898
(799-000-1888
(856)-3998882
084-490 1959
(799)7636399
(8992609229
(983)9883982
888111 2449
(281888-9988
(768)318-8998
(423 931-9182
(869997-1232
388)-487.0988
(6899781999
(889) 6896896
183091-9088
998)-2987389
072)988-4087
(882)198.1985
(5991989993
(908.9064820
(788-3435857
(886.3898520
(978.8091789
(428.0699108
8797921871
(691)927-8396
(9882118270
991) 9888561
(838) 189-1859
935)904 8985
(884).6918936
(998)1576987
518970 7889
987)1989619
9469158815
(858 7987121
899 9695180
(899)010 2123
(989891-9896
(697023 0983
(889886 8084
(0920885929
546 463 2059
(550)573 9583
396996-1408
(311)-885 5973
(978 7144469
(999988 4897
(088.688 8984
(811)4433384
573) 742 2828
839).7909228
(980289 9882
(309-815.8399
2892859489
5021379839
709-5480490
(7738944926
578)6651396
988)1096839
928.994 0909
033)-5805825
(940) 9308798
056) 2749983
898 819 9759
(0843799938
985)578.7099
(7181789899
8915883968
019)8948898
589)094 8311
978) 338 4889
(099)1883149
616988.5218
(962526 3979
(912183.8456
691) 042.9684
(666)277.4692
(946)988 2697
(289)-3784341
(992)880.9834
3660905948
038)8837867
188)2908262
(872 819 4061
(909)984-9094
(987)8238894
868) 2789690
814).688 8921
9977314379
(914)099.4449
(788) 989 9788
(148.9888301
(958)178 8980
9288695788
689)899 8116
816).2423798
119791 2955
996) 6059699
034587.0898
(884) 978 4408
(018 3978996
946)-918-9149
(098) 988 9906
(935)-2885808
(978-8988998
(914 5798833
889-899-2680
888) 990 7288
588-9185092
298-3068814
(986 8885919
699.689.0287
799843 2980
(887478-5927
(194)6849789
(789) 9684851
(893) 8879180
989-8991291
784)8169898
199)475-1336
(960989 8687
159-858.8089
9398869990
(098978 7899
(664)5969355
(994)983 7588
539)-9981887
(188818-9201
996 9895890
(838) 917-1980
039) 983-8890
(8989895085
(8195858030
(980088-1007
(992289 0018
(830).527 8688
(619 1853912
991396 0849
979.8662070
(352) 8366857
(999.4889788
9496883799
(8984891859
(359-858 9989
782 558-6420
348.5916899
808)-8889951
296 583 9918
(2388572100
(389)982.2755
(868).870 4509
(829)583 6581
(596)-0793091
5469797408
884).497-1513
482 890 8998
0089968128
699) 8988998
(848 480-5469
(829087 9541
(398-129-5691
801) 071-8874
(887866-0980
392)5804989
(754 1957989
(808.6448998
809)1402899
(390927-1845
(128-6599883
(446)5996899
978)433-8029
(899).0985698
557627 8992
(769)9838943
590545.8391
984004-9469
(983) 818-8449
9798988699
948)247 6987
(958 9378795
(799).0488788
882)095.8282
(617 9993118
(891).9886045
063).9788298
969 1889963
(885)404 3689
058) 0886919
