9.7
99.72
910.2
38.8
8.2
6.41
8.86
9.9
8.7
3.1
089.4
79.879
98.9
466.8
9.5
895.5698
9.4
8.8
8.8981
9.0328
888.7
05.2
41.89
83.9
8.9
8.98
7.9
982.81
090.987
92.1848
909.6
4.892
7.94
985.819
590.8
991.8
84.9
88.0
97.9
09.8
2.829
968.8
9.8
768.50
9.61
9.0
49.899
79.2
7.6
44.0
93.2
03.8
5.0
367.68
288.9
081.8
97.8901
1.7
903.836
93.8
9.3
28.9885
3.9
864.8979
088.19
928.98
929.6
2.0
95.8
34.998
5.8
89.0
1.2
78.9583
899.4
369.1998
88.2089
93.1
1.8
028.9
0.4
4.9888
99.9
3.20
90.78
9.8988
788.8
301.99
189.9
87.688
8.4
51.76
70.98
084.068
999.5239
67.769
98.4
3.2
98.82
19.894
8.4946
862.830
385.848
79.94
91.1
928.9
998.31
251.2
5.889
878.18
984.1
9.5869
9.11
882.9
0.9
8.84
99.498
299.8980
739.9
7.80
082.63
869.86
899.398
945.84
18.5
86.89
089.6809
94.1
681.898
9.284
8.07
858.6
92.958
68.1
12.9
09.74
685.5
86.1
987.39
894.64
2.9974
7.3
1.996
97.2
982.89
991.5
999.88
6.088
58.87
60.9
82.912
81.59
7.89
869.0
33.8
9.995
994.9
9.499
868.8856
89.5
974.6893
8.5859
28.9
6.39
497.48
09.9
1.98
41.9
9.98
90.475
908.9988
59.9
48.986
882.9817
8.982
99.2
4.91
79.0
434.9
851.0976
79.982
88.2288
19.51
1.3180
744.8488
7.49
656.8
9.49
4.9
8.9888
958.83
491.281
9.1
596.5979
8.77
57.914
89.6
39.3
8.584
855.3
839.9
886.768
6.2878
785.1
8.29
848.0
6.9998
919.9
9.21
39.2
16.8
23.89
9.1083
806.5
795.7
91.8
12.8
51.19
785.81
8.4749
5.9
19.71
8.966
716.65
6.909
097.89
988.599
5.12
184.8819
628.938
89.4
9.06
8.5
1.19
65.1
59.36
880.98
891.9
9.6
0.41
5.89
8.76
78.09
38.60
05.89
8.9829
054.6
9.69
8.968
8.44
41.019
81.7
429.2946
9.908
89.8
0.66
8.59
59.89
789.3
8.0
9.78
98.48
0.3
996.7
980.1
8.5593
98.8
2.092
309.09
694.9
72.9
7.8
078.0
8.8839
542.8
595.87
946.838
437.30
874.384
9.58
898.64
8.15
87.9893
89.9
798.81
02.4
9.5825
899.586
239.7095
49.9
5.7
299.45
539.485
82.8194
9.24
534.8
39.8978
0.8
6.2085
999.35
889.8189
1.8829
689.0928
779.7
199.2
304.23
1.48
3.4599
66.8
86.0
9.676
4.2
2.9
5.96
5.4
98.208
47.802
86.731
089.6
98.68
8.348
04.7489
4.86
8.68
9.1888
8.1
8.99
99.5
59.77
825.92
1.9
88.9
689.6383
62.9
1.6
988.8
8.90
99.8
980.880
638.8897
5.88
5.08
7.7
893.8
3.02
3.08
7.4
0.993
324.9
958.88
8.998
2.93
19.5
398.9
9.9898
18.7
9.43
498.958
5.987
939.9
8.888
0.0772
9.89
56.8
97.958
1.1
8.4898
86.8
47.6
429.48
7.085
6.59
988.98
99.78
8.80
99.9274
78.49
86.7
11.754
2.786
747.8
818.9
795.8
4.8
