-.5E5	
	+.349E6
 .9
-6.E+2
-5.e-89 
		  	8.
  .89E-8 
.6e8	
+8
-9
.6288 

+.5
	-.5
.9e-2
 

  +.510  
  +.6E+7
 .7e-886
   +0e573981919  
-.7e+64

.19e-19
  -.9
-.098E8 
-4.0

0.8
	+.38388
	  	9.
.8658 
.979e79 

7
 6.e99
398.5E+82 
-.61	
.72E-98

   5.e8	  
 8.368886e+6

  -9e-8 
.8e-96891 
 +.8588589
.5E+68
.9 
 -.6
4.e8
	 +3.E1
+.09E9
-.889
+71e918798  
-8889.2
   89.
 +9
 -.8
15810
.8E218	  

		+.21e9
-.6E-8
 .2 
-84.E+83
880 

-0E+8 
+48e+505 
	.89E+988
-8 
6983e+87
-9.7
+.39	 

+.88E3 
  +989E-94
-1  
  868  	 
 +.59 

.81
 +3
-9948.83e499831 

+.7399
.2 	 	  
.8E8
+899.
-9E1
.9
 93e+88
-.9e-4 
+89.E88690 
-99.e+9
 	-8e+9   
+.99E-98
+.31e+98
 +7836.0
   .198723E3
8833.e88
 8.E1
	
217E40
0.

-2
 
 .3
+5e6
-99.8e-8 
.48
9.     
+888.
 8.5 
   	
.9E989	    
	9.E14
	+3. 
	.998e-9
-.4  
+.888e7
.2889
+8.E2  		
 .8E9
+.8
-717.e-888 
-.886
-.9e379  
7
-.94
.9e308
.2e-99 
  .2E48 
 -197
-.2	
    8.E+49 

-.21	
+93.
+75 	
-0e93	 
 	
+.1e-68
385E+9 
+.0
	    +.9
.4
+.9E+3
 +6.1e-89109 

 6399e8230 
080

81.E-8
.919E-689

 		 .5e07032988288
-58897E-0  
-8.9	 
  .3
09.  
 -.45e3 

.92 
.865885948624e8		 
-.80e-98    
5.
+098. 	
 
.9
-47 
	 .9
+9    
-.993e+987
8.E999  
 .8e41

2.523 
	 +6499.6    
-.86898e5
+.089   
	   82.8138 
 9
    +.969
.9E+4 
-.6
+9. 
.088E-48389 
+.5  

-.3E07 
 .8881
-8.7E5
   .78e3	  
 898138
 -.1e6
  	-.8E+9
.4948
 +8
+.1  
-908.
.9     
-.3
 +.89E+69	
1
-.8e-35
+6E03	 
-.0
-.4e+70 
.845
.07
	8  
 .8E3 
 .6
3.E89
.88
   -.0   
 -.9E-8
8298887.891898819908E93
 -2   
.18e8989
-.187e53 
9.6e9	 

 .9  	
8 
  3.8E08857 
		.0
 +55e+8
+.8582E857
  -8899e82

   +58E+3
 .939
 
 .2e91
 	.7996E9586
.680 
+133E+98
0.8
.6488e-8
 
68
089.  
.7E-3
 +.8
+.8

+.09E+082
+.2 
 	
-.49E63880926
0E-62 

	  	-4129.
+.288118
.680e4 	
55e+7
 8E72
  8.8E+8
 -9.E6
 5.4 


		18
       	.7e+88   
+.385 
 19e0  
	618.	 
 -9.	
+8.E-9
.1886
	.838
-35	
.26 
+.9
  4.78e-1
.8E+768
3.e0   
+.3
12.6e49
 +6.e7
.629e+8 

 	 .989684 		 	
 -.976E+9 
	+.728
3058.e-9 
 .19
4. 
 -.8E308
	.6103E83
+3E+8
0.
+.8E-17
4  
.5E-5
  8
 -9.91E+9
+450.
-.9E8  
 	+8
.163 
+.5E-98991
+6
3e3 
	.8	
5.9
	8801.8589
288.9
 	7  

  213e+1 
 0
-0949
 	-.8e8
-.5
 03698e+8
88.2  
.0 
 +.981 
.12E1873
-1
-.0E+76    

92e+5
8
.41E98   		

 48.19E9928 
8980e-01     
-493582    
+592 
.2E+2
	-6.E5 
.86 
-.8
 +8788e09 
 +.5E+6  	  
+99e8 	
-81e+5
  	 .9868E28
.8E-9 
		 5e2
+9.14E+9 
   +.11 
.2088e+8
+213.E-8 
4.

269.8e-9
-.9846   
 +.10e0	
 +8e981
+.92
+.48
40. 
	   .8e-779	
  .170E-1
 8

 -.88   
919.
.1e+91
+.91
 +61 	
+.8
-9.980e-48 
9.	 	
.8e+9
	 68 
+41   
 	 -6.  
	0.58e92248
.8
-.0	
+.4E+4 
-.9177838E+2 
 +.4E5 
+58. 
51
	  +3. 
 +7207e0
+.9e5
 +.6
+28.6
-.8e-093
-.80426319e39
+597.4114e+28 
.7e6
-.9
5E-99 
  +9519.89	
.8E63 
	6.198e9	    
	
-.16E-9 
-.8 
 
-.4 
+.8E98
 .6e+1
.9e7
 

-.818
 .3 
.8
.1
-.9
2
 	 .6
-.9e+68
-.6955e7
.952
+.9e-999
 +.2 
.1212888e90

+6.90e87	  
3.e+6 	
.370


 	-.4
+84  
 .1 
8909E8
+1.

-79.1
+.6
