9998978878
8359781888
1192303988
9821936559
0778993999
9793389908
6380801869
9707187831
9999948898
4647047098
3893088389
2968989878
8499888570
9083499853
9898805778
9388493996
9688409733
9904818801
9469482005
5985070828
8939089926
9398985889
9637789569
9936831379
8151808288
6599998968
6548999909
7889240966
8290961436
8999844346
9474568193
4839880599
5979843948
5693742929
3288881858
8311987182
1388808398
0949198410
8225996326
6094998788
7794887083
8679515008
8144903303
9885719856
4599407886
8813529868
9009849174
2230998949
1488899838
9891853018
3887384897
1989787533
8925889889
8688988881
7988663098
9875496799
4969437978
9829884499
8420889327
9488889990
9799381106
9896868131
9288885529
8602589991
5878979178
8178940980
4899938928
9319781288
9471596818
8838534988
8895730388
9989869889
6078858892
9828133888
9283485981
1506916439
9168088688
9393899599
7994884098
7587899995
7968778144
8488663909
7954829988
4441888898
4788917496
5838998418
3698993885
8288924899
9999568907
4802894575
8880095268
2889394895
0859919041
8353788620
3979886586
8805041286
0827386269
4848862929
9907988169
2849988769
5789794008
2239882958
5923643865
3499690883
2978174818
8729869880
8085250508
3893853088
0334880680
8719808673
4399444966
7911292789
9224998890
9229887687
8586309869
9339787188
2828912519
1898503994
8889294831
6914889923
6916889799
4897885820
8588889098
8999988316
8949698206
1499418766
9689955888
2899194218
4891994759
5798188909
1883879983
8898808896
9011849783
1883896859
0871698658
5688985986
9084438871
8867063037
8859199944
8992852969
9089997399
4498885382
3819086190
8468899955
8201498407
8084171588
0853467202
3079569956
7569966196
8919797148
8999584537
9880533165
2168889987
7399383972
9992976955
3993171644
9999944896
3822995478
7878766898
1808495888
5192086944
8269157118
8909388829
2373598180
9288599981
9969781075
8403585984
2845483890
5909978868
1589695848
9181929899
2993790186
9881887017
9932948867
2719903899
6798401833
9794896889
2884988889
5599888249
9599318701
6186879415
5881911978
9094929386
3948199966
9943988524
8239940999
7093423440
4289780283
1311569182
0898583655
5541480998
9088891354
7898373120
9779668957
6768084649
0939727109
3287338899
8439814389
8982869808
8765998259
2969758708
8905894686
5829798699
8998377495
3184389986
9998610988
8389698052
9638589899
9799961997
8013238989
8916337992
6718086846
9929988590
0821819170
0589297880
3696692986
9254594708
8999676988
9898586845
2850879545
3970811998
8924138469
9483035889
8981315621
9898727590
0352950079
8069098200
7832682899
5876818389
8956899618
8898699317
8899358593
7483988976
1998877997
9589876268
9695588899
8598885289
1680801086
7997889628
9984962024
7499368808
8382310329
8919839933
8241572581
8695989288
3896995893
0879953190
9988998881
2849729956
3694123741
5969886379
0130971957
9889898119
1883299510
6497787999
5328778559
9912988883
8588089888
2299937991
4603998839
9895588836
4198821592
3289859869
0929889959
4981188700
9962182931
6893639928
3593891641
1239084999
4907369089
9998288372
9916897489
8878523289
9106874591
9264085558
9489998980
9968525111
8063823989
5779349980
8185393927
4889941862
1358898989
9899698496
9983196991
9928896904
6803188848
2982898810
2048899908
8157891892
8488674784
3883372699
8910835505
8541526663
9969847930
9858354785
8721089899
1503892867
4153999389
3409483529
3819181598
3989279887
8890865389
8389218540
6519930808
3838764888
9808282948
1398798320
9078380908
3988970078
8910497713
9892950729
1448848170
8989878219
4909093938
0899088890
9758809819
8939938723
9085928890
9599329996
8524858890
8298881299
5756598898
8918495600
9888955500
5198949912
9082998879
9583989129
0788719897
8109785828
0349095585
8399853861
3889998849
0850599597
4840509994
3884167849
8734181288
9494438035
9146768548
0918298489
9898569398
9585292989
8768989588
8899968898
9998489589
6946189993
5099566889
1594898997
5458896251
1005984959
8498896598
8589828849
8882679989
8989882328
0997619808
5588960945
2495359588
7894783185
9289851168
8480728290
9385902209
7629809818
9938990732
9980888298
7789886286
9887971981
5758838288
0801779919
0849888192
0893739296
9998352530
7994887574
2182998531
5298719888
1797978175
8909501781
8891190909
9319942197
8469385985
9135598928
3415995988
3843395880
5090679326
9885181890
5689028444
