089864
9279
08223304.00
04	89.984937
09 98.88.07.89
0939
958518
0969.35 5859
0248129988
0177 9348 17
081924.11.90
08029889 81
09888488 69
058158 6491
08 8830.67	29
0898288281
0889.757618
0878958762
0227884898
01 92818384
0868919782
0437922982
08.01 009868
08.98 479829
018958.2899
0848.988538
00 99786996
02 10.839880
01096383 81
064989
5405
09	8817	5648
0386999991
0797097998
031829	9187
08.98
188988
04 98	599891
07 597868.80
07983198.88
0049641189
097415.9996
08.8133 2878
0959998077
012591 9806
08	888998
83
0162020905
0943014819
0062	6338 20
0601401989
0824.979251
0999	858269
09.5088 8189
09	98 836980
038359
9880
07 89.988696
09	64 96	9948
09
51.192868
0489388985
08
52998188
01.95 488787
0088.09.8982
08.89.980888
073088 08 84
0392736054
098988 5899
07.91	968738
06.88	0092
39
04999983.89
08894942	98
0484916816
0936278893
0946.959296
0827.8852 98
08888181	79
0820.151999
09 20 9495
51
04589219.03
01 4553.39 97
0097.244983
093688	29.95
07.80	894889
095968 9485
09
62.0989	66
0880 91 5068
09 2580.98
08
03.89.3178 76
0377.96.99.81
09.9996 7098
0397.22.9876
0292589983
0581.988088
09	84289099
018868	9898
0623.83	9312
07 0989.9498
0802
18	3782
0427669595
0888 974199
0199298968
019148 6582
0898 948843
016498 61 88
026889 4988
0797 93.9980
07 39745786
09992795 29
0988098118
08 00	9873	88
07	89587545
08 19984397
09.382694	99
07.29.8889.89
04	72.881248
0902 8858	81
0399097955
0970825981
03299859 80
0318719722
06.09488808
00
89904846
01 83868080
0395419516
0289 81 6546
0824999851
09.95 480048
09.89 3149 79
036716.34 82
0545	25.0929
08 54459998
090798.8890
09.22 0506
19
08.99129909
09.65.89
22	89
028828	2247
08 86	7860 95
0889.961097
0447.759296
0968 984517
06	49.439369
0987983591
08 0981 10 79
0839	970899
0908 899878
0487.58.9989
08 18698070
095787	8494
0681	85 8951
0259828976
07.88	98 9289
028855 0171
00.290362.07
09	5789	2906
00398381 87
089839.9818
09.594553.78
0653 998815
0886886975
0286	89.8748
09	26.392969
02	03 750643
03 65959304
0093.57	83.78
03934194	18
09.88
809786
0989917028
02
122806 10
048989 4899
0884
8019 82
0898 48 88	98
004862	9089
0080592989
00555823	29
09 09.283898
02 97391885
01 1975.93.38
0699
64.8801
04.99859493
09 528387 98
08099349.97
08 68 48.18 19
009264 8864
058935.0419
078898 28 39
06 87.39 6253
0388799295
05990082 96
0329	64.09 66
0994918084
0989 8499 43
0018.69.29	88
08	08082399
01.78212029
0998.9980
91
03	92.522980
0058.9309 81
058984.9856
02.18 399991
08898499 41
04982933.85
0013330889
0978 218454
0822
159940
07	21 870273
00886579	14
0728809129
0819448244
05 8286.1188
0698882479
08.8188 4899
0391195436
09.45 58
5768
0389	62.93.97
03	805838	39
09838979	98
09698724	79
0788018112
009687 3874
0984839614
0979.70.19.25
0980	1984 68
06.0684 29 48
09.88 82.8796
08.19603428
01 9898.9898
0638389774
09 828997 34
0064598386
04.8912 92.82
0978.34.88 84
09995408.18
09289473.93
07.60.198774
0003	298596
01.8259 9989
09 89 19.88	88
09 9988	45.41
0030.888188
09
15 48	9890
0986	9851	95
099804	8774
01.17988882
0191775985
04	1997
32 25
0923827958
08.95809889
099998 3849
0480 471481
0920.01.5298
09185699.76
099405.8885
0596960999
07.45.868191
08 8893 1948
0539496992
09 2839 9798
08 982993 28
01.18	28 9879
0868.538889
02909884	85
0898 1975.99
09285079.28
0489	778855
0935649478
03	8397 7829
03698797 84
0893209077
0985898249
0758 986268
01.49783038
05	36.785281
0345886998
0689937998
08 69
90.8898
08 06996996
0768 98
2899
0794 7961	58
08 92975209
034521 73.84
0888.2789.09
0880.3740 99
0858888198
099996.9306
09 86881990
0929	62 15.06
05084306.39
04892718 22
06 19319883
02	07 89	9656
092087	88
08
098785 98 89
0908898398
09 9028.8693
03859889 93
08 48
998088
0829 197928
0869.29 6007
08
89	3997
93
046878
5989
034723 9249
03	85780060
0713808579
02096254	54
00	31 19	8099
0618498834
0665	872891
0598499320
08
89292898
08399698.81
0411
98 0859
0379.83.6814
068489
9817
0898189883
0183341893
0489.927881
0688467905
0888 786694
0811 09.77	97
08	2926	8290
0689 916968
09.99692992
078800 48.89
0889698885
0395890398
0848	62 71.91
0386 4488	92
018783 13.18
04898285.58
02957884 88
09209999	28
08.69.92
8294
0989 97 14	43
08.98802988
09 19887930
0988	1266.88
0985402429
00.089827.89
0648
98.87.79
0959390908
0999
880588
093998 8084
01.19237346
0908 2837 18
08.8918.4280
0823.989368
092088.4568
04 87972921
08.5090	42.68
0784 86 7821
088761	82
99
0497830698
08
887182 75
07.81158899
0899898893
09	883086.42
09287895	21
049838	00.48
097901 7598
09	48	18.8819
0994938919
0801196079
039593.99 52
0979896485
09
8975 3984
02 14884687
0812.93.9478
0898969689
05	19 137598
03 1887
9395
09.38489359
0183.984989
030889.0602
036178
84 94
089787 99.98
08 6260	8928
01546095.88
09
29 9993.98
02 890129.90
0946.99 9837
059556 5917
089589 89 49
0844690716
0288468049
0629	388389
0847 89.79.56
057118 8599
00 20399992
098880	9823
