-86
-799.288E8
-56932
9
.8E-8
3947e82
78
8879E-6
.9
8950.
9.E2
91e3
992
-9.E-31
6
8e5
-963598
8.8
-81898927
16.
-8
-688e2
-8E4
96.
88285e-4
99e39
0682.e839
0e-9
-22.E-35
-98E78
-88.983E-0
6708.0e-59
89
-6639.28
5
-89749
2913484797E-9
88
38
04.8
-01888e36
-3.2
40
906.4
492.3
239e-98
-98
-89
-03015e69938
929
80
-.898e49994
89399.7e-8
8
08999902e-49
-5.5e8298
-3.9E9
-5E8
98.8
8.
-4E-0
-856E7
2.5E9906
-929.
-8.9E349
.9e-9
-2.25839E2
-69913.E1980
.8
689.E-4
836e-89
2.13
5.E-8
93
.3e918924
6.e99
8E97
0E9
-7E-8
9e-8
-.38971E-9
-8e-0
9469079.6
-290879
-7.62
95688e9
20915778E883
78e-3859
-8982983
-9.
9E958
-9.E-8836
2.94e-2
8898
-6
-89269888481E2
2.
-.9e94
78.9E-38899
-81.464
.48E9
948E-89
-953e808
299
.4
-8085E0
28.998E9
-.6
-45597
-8.9e88
-88
-97E97642585
83e9573
003E92
7.1
-036e-909
6E-8
-8.18E-8
-.8E-0
-85e-6
9348.837
-3888e868
9288228589e-01
.8E-5
179e-8
4e9
-.82E8
-835883.8
8E8
9.
-818.38098
-99
-69E20
2988e-619
708E456
168983189
-8.9E-89
97E27
89.9E-8
-48e469
-18.96e9
90486
.5e28
-938
-439
20687
989.8
829639e5
8474E09
8.718E-2
-609975E042
-1.44E-2
-9
-862
-31.
48.
-.8
963788e-4645
999
893.155
8.7
8.e1
-.0
-14.8
-88.e-22
-90.8e2
77.87
9913
-898E-9
9.865e-17
-87e17
-7.87
49.E-1
.7
8.9
8.1E9
-504
29.8
-7199380039
88E9
-.6e-9
-98.871
-5695.8E6
9.6e0
-33.91E-76593
975
-8.
2.9
-980E-813
642.499999E-8
-943.498E8989
68.589508
35
-68.e-3
7.96e9
889118
-.7E6882
-4994E-8
91E-8
889.
-954.076
-9858
85
-9.9
-897.7892e994
-49998
.95e5
-98E5
-729.5
-49e8
76
098e0849
-0583E0
-92826
.889e8
-6.48
08
5e-6
585.9E4
-8.59
9689999
1.
-6.8E-96
-54
-09.0e-175
-98.8707
-603E-5
-45.2E-747
00.0
735e-8286
96.0e-90
3
68
-6E8
.5e-9
-.4E-0
-168872999600
692798.e-98
.0e-8
-90.831
6884e6
91
99E6
.9e89
989
-7.E9
.95
.42
22593
-6e-87
-9959E0
-7.686E688
2.88
-9899
983
-7
-39384e-5
-4e598
940
488498.4e138
-2E8
98.27
-208
86029
-15.38
5.8
8.E6
-8899E04
-041e00
89.748E-8
-5299
79
-48288e9
7
-.849
77
7E-6
4688e-8
-69.e0
-5887E-1
1690
.859
-6792e-68
-78.4
883E98
-8069848398
5.
-84980e4
-0.e9
-9849E2468
-8.4
-.88e4
98
82E5
0495771e-3
-92E6
869e-9
-69.8
-8.3E-81
-.4
9.e8873
878
-5.8e987
591E96
8.E9
-5889E-4
08e-2
-10988709.443E-8
-8.7
.010
5.e95108
68.98e-890
89.8E9980
-9.8E98
-.48889
-89638
.78
880
912E-59
-9496908974
-80.
98.90690
-.5E815
-8.87
-8168.94792
1
-98889E49
-9.89
-08783e-8
-26.
-.050808
6E1
9.8735
-8e9
.95398
996
-290898
-9598988.8E-3922599
9.560
678
6.1E-97
-8667830979781
.89e9
8.6E490
89528E3
-8599E-09
99
8808
17385
16.9E-78
-29099
8983
8989e-89
-88.
-2096188483
-983321
60.5E808
-7.0
-8.5
-88e9
-299838e-99
-0
-5.18e33
-3297.E-500
044e-04
-99990e-80
-7e4
-88E-8
9.2E-9
9039.
06E9
-78.9e8
-3E7
-3
-78e6
-7585
834.e9879849
7.
.99e-9
468E-8
-4.798
-5.4
-96.e88
3.28
