8
80
95.1
9
0
891
4.9
8.9
615
7
99
9.1.9.4
15
6
09912.6
9.3
988.1
328
5.8
5
496
899.8.57
1.7
99.8
47330802.3
793
02.80
8.6
840975
969
9639
8.9.94
2
0.0
5.4
1
541
65
5.9.9
09.4
7.88
84
8.8
9.8.7
4
89.8
97.6
7.288
93
4.7
2.298.2.7
96888188.9
91
2999984
39.46
80.3
469.00
826
3.9
9.9
09
39.8
8.3
99894.8
99.9
750987.8
98
9.0
7.8.19
0575.0.9
059
28.9
3
2.6
9.6
798.8
769387.8
99.0572
20.7
9.19
801
0.4.8.8
212
7179
88
07
1.8
83996.1.2.948
882.5
91199823
9984
88.6
9847.4
58.9
98.3
38
662.8
29.9
6.8.7.8.5
84918.8
4.99.3
98.9.9
96
68
289
968
81.1
8272
91.4
986.8
8.31
9.8
78839849
424.6.5.9
9.9.482.91.8.9
1895.08.6
449986
989849
63
4.48.8
86.3
5.3
389
71.79
74889.5
6.8
69.8
7806
6858.9.8
878.699
35.4
938895
68053.9
284
839.9
981367
4.8829.0
3.8
97909819
89
2.1
8926.39
55
284291
59.9
97.88
4.83
865.2
82.10
137
8.2
590
89.4.1
58
98.9
6.1
48.8.8
9.3.9
4.5
795803889.8.6
97.38
839
0.5
5808
4.87
849.9
7.9
932
7809
83
389.9
9.1
1.7.2
0.99
9.80
38.7.4
9.03
59
0.8
4.89
189
169
88.8.6
883
339.8
2525
898
2.3.9
22.89
8.1.19
9.9.8
92688.841
0838.64
708649
62.89
464
8687
588
26589
47281.4
9990.6
4718.6
82
8.8.0
69.5
3.3.8
8.0
2.3
59.9.3
98196.26
8589
3.48.89
8989.82
2589
80.99
9.8.90
6.7
6.9
2.54
991
0988.22
158.6
207.03
82.8
9298
19
81
895.3
9528
935
7988.9
94.9.9
86
41
97
693.99
8.3921
9.8.79
87.80.9.8
6.91
899
786.3
89866
7.80
0.94
5822
5.9
8.4
2329
199.2
971.5
8.963.2
44
2.89
08.3
2.98
02
996.2.86
883826.7
3007
1.8.4
23.88
99861.8
57829549
1988
92
382
0897
18
348
29
2688.9.6
98856
670
969.9
483689
6.98.5
69.3
09.0
99.3
9.5.68
3668
87
6.6
93.4
0.9
98.47
8.5
97.5
983.8
9082.2
6.8.2.63
81.9
390.9.0
14.3
301.8
9.92
138
119.4.7
27.9
889.8
6618.9.3
5.87
889.3
26
8828.7
89992.5
50
8299.2
564
1.3
94098
990886889.829
0.87
395
78.959
888
85
9.8988
4.0
782.8.889
927.95
9770662.8
306.9
28974.5
1.1
8.89
7.0
82.0
900.9
6.9.58
69.8.8.88.979
75
69688.8.9
085.490
99.4
17998
98.7.8
990.8
48988
94
35.7.4
20
999
69
8.10
156
83.8.69.8
184.9.75
892189.787
9.7
3.7
8.681
8989
97.8.84
8.289.8385
1587
39396.8
9.9.9.7
70
3.99.9
987
3410
089.83
8884
8688
6.83.34
9.18
608299
8168
581.71
8989.86.1
959.5
88.9.1.983.6
8.02
30
97.29
9.2
889
293848
367259939.5
2.59
14072.84
091
