.8
.5
.288
.2
.7
.78965
.986
.949
.3
.930
.98
.969
.9998
.8266
.9
.1
.883
.89
.4
.958
.0
.58
.979
.47
.6
.99
.8999898688
.995
.68
.39805
.668
.27
.8898
.79
.379
.30
.70
.8913
.976
.529
.5662
.381
.963
.45887
.954
.889188
.492
.85
.663
.817
.91
.02
.88
.19
.14
.959
.51
.45
.09
.9885
.999
.14984
.632
.386
.28
.9989
.81
.897
.898
.84
.506
.3868
.9821788
.811
.01
.983868
.589
.1995
.9095
.20
.9238
.8105
.885
.48
.78
.74
.3880
.868
.875
.43
.5988
.998981
.96
.419
.49
.9985
.298
.48536469
.565
.767
.36
.998
.8819940
.592
.889
.619
.8800
.78872089
.38
.884
.59
.95
.86
.97
.049
.89252
.5519
.997
.92
.908
.828
.089
.899
.8786
.80
.98944
.9288
.83
.287
.69
.39
.9886250
.968
.8819
.879
.5970
.3986
.98981
.13
.794
.87
.392
.8665
.81257
.499
.848
.50
.48918
.73
.80184
.258
.8848
.398
.431
.446886
.52
.808
.758788
.67
.86988
.987
.6885
.75
.189685819
.8689
.887
.21
.178892
.289886
.9988
.967
.598
.147
.8997
.82
.0998
.18899
.26
.9126
.859
.8833
.029
.17
.920
.397
.560
.184
.62
.80181995
.939
.90
.809316
.65998919
.981
.991968
.398918
.08
.499883
.169
.894998
.17008
.4986
.78997
.89286
.18
.909
.55
.31
.8894
.330
.92591
.877
.96604
.842
.188
.282998
.1082
.10
.9199
.8998
.7913
.365
.88396
.2809
.57806
.149
.05993
.94
.93
.919
.823
.4049
.598608
.5783
.28889
.541
.994
.65
.720
.992
.8424
.29
.801
.89899
.209
.90389
.46
.491
.78951
.151
.961954
.34
.79898384
.0188
.5908
.8014
.8808
.09490
.9291809
.8934
.2938
.33
.3898
.878
.922
.9069
.903
.5974868
.22
.83919
.908545
.849
.7779
.8946
.15
.312898
.5204
.380929
.988
.8058839
.9270
.4883
.8980
.818
.63
.248
.7999
.1226
.90988
.491993843
.8882
.488
.8727
.5098
.0999
.9888
.8919
.7397
.28013
.18948
.479
.0138
.5938
.0815
.800899
.370
.989679
.8588
.37
.715
.780113
.89389
.978
.16
.989
.538
.984
.802
.682
.918258
.3909995
.86963884
.8614014
.0989
.350
.2721
.58849
.283
.9980
.119
.388
.0921212
.789898
.15879
.917
.138992
.299
.950
.099
.1589
.422
.821
.9988188
.819
.11
.1799
.48129420
.06
.758
.5382
.9299888
.6692
.309
.40898
.186
.7780
.5131
.32
.89328
.1856
.64
.888
.192
.4866998
.215
.4149
.9982938831
.05
.98909
.199
.9603
.7992
.08568
.0163
.959359
.900
.6981
.77
.29086
.8083
.55396
.983884
.58909
.9962
