-4
-9
9
5
82
688
-21
-354
09
-1
-8102697699
-5
99
-5343
-96948
89
-88
251
79843
-38
-6
9848
4
9881
6
-3
968
1
2
8
80
60
61
-171
-8
22
-588
-95
-81
-764
955
-92
-4508
7
-7
3
-89
-878
2676
-83
-98
-3499
52
853
-55
0
-79
983
-01
-44
-93
-99
9704
98
6981
-34
-48
-63
-828
3697
699
-0
-966
53
-29
-2
9591
-6959
-070
67
-58
-78
-90
-00
-0882
097
42
28
-8439
9819
-39
-829
914198
756
96
-18
-888
-97
-94
088
73
-0860
-898
-68
800
918
58
810
35
-958
81944
-7049
-779188855
07209
148
95
30
-4590
69
419003
0998
-224
378
99988
43
38
-449
3899
-54
-2539
8418
-984
81
-19
90
-317
-7794
79003
697
874
-1194
-3318
979
894
-870
-198
593
77
40
-626
-599
-89901
-09
089
-8939
37
-992
1878599
-9949
-169
-880909
-8319
-665
2955
-80
88
-98788001
192
319
-82
-77
8990
70
-06
887
16
65
-74
01
198
9923
-464
-628498
89388
908
869
-40853
628
-91
-735
91
7178
-24
-50
-14
-15
-08
948
768
499
-80926
563899
-846
958
-08218
-8149
-65
881
57
-1027
-331013
7941
92
-842
-652
94
-31
-595788
86
856
849
03
989
-057
-857
-681
295
-292
-849
-977
886
-47
83
-8302
50
842
788889
291483
19
70088
898
-87
19439
727
93
89699
-9991
-529
219
18599
06
-8044
-263
491382169
66
513
8739
68
-285788
480
-98968
-689
82999
9588
29
-952
51
89584
1499502
84
-8811
85
743
-962
-8889
-693
99089518
9488
59
907
-951
32
988
-889
-98888
-57
-49
-266239
-360
-25
-999
27
72
-9588991
-877
-84
14
-880
-86
-914
-38709
-355
-76823
74
-5835
996
8987
981
-12
-9497
-190
91888
962
3589209
-138
927189
9945
-9896
51989
11
-188
341
-921
08
8274428
-17
39
089392
-9380942
8909
-41
-768
-583
-8959609
079
080
-909
134
862
-85
993
450
-20
8427158
239
-64819
-9019
87
-819
3498
-830982
-7828
-996
31
-694
79
-975
099376
-88999
370
-639
872
-902
82995
-9867
-23
829253449
-499
-69
189
-908
-778
-89559
977
-989
-804
-8682
-2084
-3949
068
-9988
-886
-598
-822
