6983
8974
9290
0998
8948
9908
9458
6008
9258
9848
5620
6097
9887
2928
8398
9248
3689
9851
3699
8883
8929
9959
9895
9465
8987
9239
8870
8869
6289
4446
9928
3895
0408
8984
8854
8802
5998
7790
8879
9878
1199
9819
9834
1081
3269
8287
2851
9949
7317
9862
4088
7283
8959
8938
8989
0497
8898
9180
3621
9199
9589
7936
9948
5878
6961
4898
8899
4888
9582
9240
5219
6908
5409
1889
6899
7859
8086
1588
7788
2899
5101
9858
8908
9985
7533
0869
6910
8882
9894
8348
9609
8983
9980
4989
9658
9992
8272
9751
3121
9815
1994
8867
8881
8409
5518
6290
9172
8695
8619
4889
9845
8182
0884
2995
9969
8459
7873
9892
9099
9029
3818
8332
3127
2884
5783
3692
5289
2985
0550
9788
0889
8693
2789
6087
8682
2258
3580
9838
7238
9083
9307
1482
5157
3833
8285
8351
9588
8477
9098
1888
9109
9181
1898
9885
8222
8999
1896
9196
8571
9988
8799
7299
9207
8529
8949
8680
9997
7699
1689
5578
9478
6898
3871
4499
9847
2018
9957
5383
4959
1419
9880
5600
6989
7388
5999
8149
8589
4193
8659
9990
8085
8628
9179
6999
8611
8021
0759
0877
7835
7939
4955
9837
8943
9298
2883
5938
8558
9899
9557
3488
9663
8940
5280
8892
9989
9292
9918
9498
3349
8648
5065
3221
9882
4883
9299
0132
4986
6396
9994
1387
4950
1987
3999
0098
0699
8926
2861
4962
5324
8996
1975
8294
6293
4856
9395
0906
9952
7437
0988
0899
1172
9888
8490
9079
8683
5297
4098
0589
8897
3832
0329
8465
2649
7329
8891
1070
8919
9911
0859
3119
0999
8986
7566
2013
8019
8923
5877
2892
9124
7496
6992
4299
8482
9011
9900
2071
4798
4774
5629
8369
4891
2099
8479
9217
7819
8838
4337
0688
8789
9897
8836
3281
1142
8151
9379
9081
6943
0824
8990
6496
1829
7039
5595
5809
1798
0822
6478
4189
8418
8991
1883
8969
8895
8289
8069
9069
0788
1899
9982
5590
6670
0446
9265
5983
4908
8868
6995
9799
9016
6921
5876
9939
6786
8032
2080
5819
7988
8569
6148
9738
8574
8416
8629
8998
8981
8697
9486
8319
8509
1887
8781
9975
3468
7993
7035
3981
6179
8887
8259
8997
5867
3889
1819
0989
5576
0709
9371
7072
0852
7899
8787
8395
7287
0687
