73889898
99989539
96809246
98889896
75988239
86043809
61795489
52300951
89294858
22158990
82828999
09386096
80938923
89837818
95049818
08920479
38955118
98139598
94399098
83853899
81894099
86685284
62391168
40888985
41489889
97887198
92858921
60959895
68918007
59985190
98988882
91499944
85387859
49933878
42868674
20962864
19896979
28231688
98888727
83994697
33485930
19886838
82767928
80992325
99119952
18975988
70796139
89775301
98811609
98897492
78583922
93071520
68422838
91998080
92882293
98059398
88688338
88988589
49990059
88716999
58871502
19678888
28897913
76858999
30578999
29866888
29919888
80408907
78429899
99449869
08493898
99428876
77818359
28568999
82394930
98999994
37399928
85789928
88134948
98098915
95996999
59394991
64047098
95187959
98116978
06198588
79938119
08988170
29999910
59387305
39958993
88688888
73981999
68299937
81081035
63829986
89759958
30908958
40895143
86889826
84890988
27845860
90946381
98086892
99889930
65975969
78382888
55898988
98183890
98839989
37290959
81609935
19499189
39934889
69479982
89293837
33360593
82582489
05998772
53968980
99976890
88893038
94531910
99838898
90968193
48831918
06988699
49849889
45889819
07898220
45228396
98168825
00891849
18589529
89286888
84889889
68909987
99818959
88824862
83408774
89588488
84884959
73893599
99882999
89998896
75988698
95693299
79843994
52385983
47211091
68598898
88698906
93181989
71829693
91883597
59303989
38769888
88734508
13289761
17209181
94198887
80416972
89128621
99783899
80807537
49893839
98933214
87228888
35399869
29499925
32897802
69988989
99730959
08886934
86090614
88995858
90103202
91189839
98081494
12809884
97791790
24938876
68972830
98975693
52679289
08531699
89329987
99483541
48879598
93890007
30831802
28988388
89838349
65993418
63921688
88985504
98899568
36539849
86227298
85090719
94289899
04370982
29131218
93888534
49879379
83239093
53295088
87168074
99998859
89983858
80928896
78958988
98098850
48198994
38877798
99471098
09855326
78977943
99884198
38098898
88991289
78888837
75093039
88897619
42788888
90199248
08809089
93899899
29998092
85599799
88963896
99778981
39898978
69987429
99971788
99438348
90767958
88951986
86193057
99108899
15898696
00589841
31893460
99994148
20898584
37799238
82508695
71969182
89879896
68951929
96164588
48998981
79375907
91048995
39799997
91880470
48989596
98590690
82999189
96675079
97601199
03979714
99299278
39802868
00688188
50170895
91807385
58709978
89758398
73991968
95086152
86388582
59689780
01098903
99891972
39838689
60639728
06055198
86985889
14179381
02327026
09839969
76048988
33496551
28108958
40881518
93299319
39889798
83888579
98593887
69992991
56688699
95174836
95418893
88912989
11997910
88821541
95390884
89559995
87868953
14998923
98238091
99812881
26829914
96029808
93160993
65482987
90891918
98974809
98908118
94902998
88206888
85606189
98338998
67969989
98504838
97523764
08695898
97087889
30469885
91189809
59186238
58783988
08333983
01988860
72817938
61310259
96899214
94898423
99788265
89908898
99489528
98989888
58889782
89798869
68208961
47885823
90977998
58829338
99879878
89099859
90970198
89799959
95207428
84297991
30859109
88778081
97683842
38990458
59785891
12998582
46962089
99898937
87889017
89289997
95358034
83988880
49988033
99994928
18789298
98994905
19637885
28692968
69172899
92387699
57869794
38828498
81503099
89097412
88986987
58832891
38981742
94810953
89499818
08882155
09978895
80198998
99085984
98691977
99960894
87909848
98467158
07697689
90088999
